17
0 0.0 0.0 0.0 0.0 0.0 0.7071067811865475 0.7071067811865476
0.3333333333333333 0.0 0.0 0.0 0.0 0.0 0.7071067811865475 0.7071067811865476
0.6666666666666666 0.0 0.0 0.0 0.3434878704193737 0.3434878704193737 0.6180744962176999 0.6180744962176999
1.0 0.0 0.0 0.0 0.0 0.0 0.7071067811865475 0.7071067811865476
1.3333333333333333 0.0 0.0 0.0 -0.3434865897490148 -0.3434865897490148 0.6180752079339472 0.6180752079339471
1.6666666666666667 0.0 0.0 0.0 0.0 0.0 0.7071067811865475 0.7071067811865476
2.0 0.0 0.0 0.0 0.0 0.0 0.7071067811865475 0.7071067811865476
2.3333333333333335 0.0 0.0 0.0 -0.1830127018922193 0.1830127018922193 0.6830127018922192 0.6830127018922194
2.6666666666666665 0.0 0.0 0.0 0.0 0.0 0.7071067811865475 0.7071067811865476
3.0 0.0 0.0 0.0 0.1830127018922193 -0.1830127018922193 0.6830127018922192 0.6830127018922194
3.3333333333333335 0.0 0.0 0.0 0.0 0.0 0.7071067811865475 0.7071067811865476
3.6666666666666665 0.0 0.0 0.0 0.0 0.0 0.7071067811865475 0.7071067811865476
4.0 0.0 0.0 0.0 0.0 0.0 0.8660254037844385 0.5000000000000001
4.333333333333333 0.0 0.0 0.0 0.0 0.0 0.7071067811865475 0.7071067811865476
4.666666666666667 0.0 0.0 0.0 0.0 0.0 0.5000000000000001 0.8660254037844385
5.0 0.0 0.0 0.0 0.0 0.0 0.7071067811865475 0.7071067811865476
5.416666666666667 0.0 0.0 0.0 0.0 0.0 0.7071067811865475 0.7071067811865476
3
0 0.7066556855071755 0.0 0.0 0.0 0.0 -0.7071067811865475 0.7071067811865476
2.7083333333333335 0.7066556855071755 0.0 0.0 0.0 0.0 -0.7071067811865475 0.7071067811865476
5.416666666666667 0.7066556855071755 0.0 0.0 0.0 0.0 -0.7071067811865475 0.7071067811865476
