409
0 0.0 0.0 0.0 0.0 0.0 0.7071067811865475 0.7071067811865476
0.016666666666666666 0.0 0.0 0.0 1.0555555954817368e-05 1.0555555954817368e-05 0.7071067811077619 0.7071067811077618
0.03333333333333333 0.0 0.0 0.0 3.0158731291454674e-05 3.0158731291454674e-05 0.7071067805433993 0.7071067805433991
0.05 0.0 0.0 0.0 4.071428723331096e-05 4.071428723331096e-05 0.7071067800144096 0.7071067800144097
0.06666666666666667 0.0 0.0 0.0 4.070025389124156e-05 4.070025389124156e-05 0.7071067800152175 0.7071067800152175
0.08333333333333333 0.0 0.0 0.0 4.060202049675526e-05 4.060202049675526e-05 0.707106780020865 0.7071067800208649
0.1 0.0 0.0 0.0 4.033538699743137e-05 4.033538699743137e-05 0.7071067800361247 0.7071067800361248
0.11666666666666667 0.0 0.0 0.0 3.5056491485050755e-05 3.5056491485050755e-05 0.7071067803175433 0.7071067803175433
0.13333333333333333 0.0 0.0 0.0 2.36157427863375e-05 2.36157427863375e-05 0.7071067807921917 0.7071067807921917
0.15 0.0 0.0 0.0 1.1470346959742367e-05 1.1470346959742367e-05 0.7071067810935142 0.7071067810935143
0.16666666666666666 0.0 0.0 0.0 -3.536629986904608e-07 -3.536629986904608e-07 0.7071067811864591 0.7071067811864591
0.18333333333333332 0.0 0.0 0.0 -1.2882320078711977e-05 -1.2882320078711977e-05 0.7071067810692001 0.7071067810692002
0.2 0.0 0.0 0.0 -2.373651719054129e-05 -2.373651719054129e-05 0.7071067807881478 0.7071067807881478
0.21666666666666667 0.0 0.0 0.0 -3.305667453591264e-05 -3.305667453591264e-05 0.7071067804138611 0.707106780413861
0.23333333333333334 0.0 0.0 0.0 -4.070237191327119e-05 -4.070237191327119e-05 0.7071067800150956 0.7071067800150956
0.25 0.0 0.0 0.0 -4.3873241635657696e-05 -4.3873241635657696e-05 0.7071067798254651 0.707106779825465
0.26666666666666666 0.0 0.0 0.0 -4.377883592331961e-05 -4.377883592331961e-05 0.7071067798313163 0.7071067798313162
0.2833333333333333 0.0 0.0 0.0 -4.3117995936931375e-05 -4.3117995936931375e-05 0.7071067798719217 0.7071067798719217
0.3 0.0 0.0 0.0 -4.132428740226086e-05 -4.132428740226086e-05 0.7071067799790236 0.7071067799790236
0.31666666666666665 0.0 0.0 0.0 7.255338387689194e-05 7.255338387689194e-05 0.707106777464342 0.707106777464342
0.3333333333333333 0.0 0.0 0.0 0.0008612003569795 0.0008612003569795 0.7071062567492562 0.7071062567492563
0.35 0.0 0.0 0.0 0.0030027763652438087 0.0030027763652438087 0.707100405412202 0.7071004054122019
0.36666666666666664 0.0 0.0 0.0 0.00964981426993567 0.00964981426993567 0.7070409331039863 0.7070409331039864
0.38333333333333336 0.0 0.0 0.0 0.02191403079718865 0.02191403079718865 0.7067671294381338 0.7067671294381339
0.4 0.0 0.0 0.0 0.03740808399020518 0.03740808399020518 0.7061165875775627 0.7061165875775627
0.4166666666666667 0.0 0.0 0.0 0.05585577225211508 0.05585577225211508 0.7048972497507136 0.7048972497507136
0.43333333333333335 0.0 0.0 0.0 0.07748715201925048 0.07748715201925048 0.7028483060176965 0.7028483060176965
0.45 0.0 0.0 0.0 0.10067040020918792 0.10067040020918792 0.6999039009190633 0.6999039009190633
0.4666666666666667 0.0 0.0 0.0 0.12537366983646223 0.12537366983646223 0.6959033287114942 0.6959033287114941
0.48333333333333334 0.0 0.0 0.0 0.1515236689538732 0.1515236689538732 0.6906812417799958 0.6906812417799958
0.5 0.0 0.0 0.0 0.1774574143377452 0.1774574143377452 0.6844770749240342 0.6844770749240341
0.5166666666666667 0.0 0.0 0.0 0.20313804619453374 0.20313804619453374 0.6772997373307239 0.6772997373307238
0.5333333333333333 0.0 0.0 0.0 0.22852907006704665 0.22852907006704665 0.6691595206931535 0.6691595206931534
0.55 0.0 0.0 0.0 0.25206070513807494 0.25206070513807494 0.660655281463258 0.6606552814632578
0.5666666666666667 0.0 0.0 0.0 0.2737627198349752 0.2737627198349752 0.6519616347827201 0.6519616347827201
0.5833333333333334 0.0 0.0 0.0 0.2936716255004698 0.2936716255004698 0.6432394393815664 0.6432394393815664
0.6 0.0 0.0 0.0 0.3103539525081592 0.3103539525081592 0.6353585005038992 0.6353585005038992
0.6166666666666667 0.0 0.0 0.0 0.3246853664662588 0.3246853664662588 0.6281555641739323 0.6281555641739324
0.6333333333333333 0.0 0.0 0.0 0.33596205735042767 0.33596205735042767 0.6221973127721365 0.6221973127721365
0.65 0.0 0.0 0.0 0.3405284464913476 0.3405284464913476 0.6197099136936485 0.6197099136936486
0.6666666666666666 0.0 0.0 0.0 0.3403757967451398 0.3403757967451398 0.6197937697251492 0.6197937697251492
0.6833333333333333 0.0 0.0 0.0 0.3393066708469363 0.3393066708469363 0.6203797088225638 0.6203797088225637
0.7 0.0 0.0 0.0 0.33639968238871093 0.33639968238871093 0.6219608136279765 0.6219608136279764
0.7166666666666667 0.0 0.0 0.0 0.3280065820721292 0.3280065820721292 0.6264277149977958 0.6264277149977957
0.7333333333333333 0.0 0.0 0.0 0.31353556465398175 0.31353556465398175 0.6337944853792188 0.6337944853792188
0.75 0.0 0.0 0.0 0.2967126000737162 0.2967126000737162 0.6418423739186242 0.6418423739186242
0.7666666666666667 0.0 0.0 0.0 0.27841709407838194 0.27841709407838194 0.6499876319784472 0.6499876319784473
0.7833333333333333 0.0 0.0 0.0 0.25765465779975266 0.25765465779975266 0.6584937944385599 0.6584937944385599
0.8 0.0 0.0 0.0 0.23551157204269768 0.23551157204269768 0.6667340545029758 0.6667340545029758
0.8166666666666667 0.0 0.0 0.0 0.21189146537242162 0.21189146537242162 0.6746124864708092 0.6746124864708093
0.8333333333333334 0.0 0.0 0.0 0.18686169886557566 0.18686169886557566 0.6819697247657487 0.6819697247657486
0.85 0.0 0.0 0.0 0.1618523512283669 0.1618523512283669 0.688334087781398 0.688334087781398
0.8666666666666667 0.0 0.0 0.0 0.13690055084199232 0.13690055084199232 0.6937277846382968 0.6937277846382968
0.8833333333333333 0.0 0.0 0.0 0.11204902375324062 0.11204902375324062 0.6981726264155204 0.6981726264155204
0.9 0.0 0.0 0.0 0.088806600407596 0.088806600407596 0.7015079384611735 0.7015079384611734
0.9166666666666666 0.0 0.0 0.0 0.06728116594830136 0.06728116594830136 0.7038986039967952 0.7038986039967953
0.9333333333333333 0.0 0.0 0.0 0.047454418256745345 0.047454418256745345 0.7055126350306662 0.7055126350306661
0.95 0.0 0.0 0.0 0.030664545460271215 0.030664545460271215 0.7064415656313797 0.7064415656313797
0.9666666666666667 0.0 0.0 0.0 0.018396434664703885 0.018396434664703885 0.7068674353735835 0.7068674353735835
0.9833333333333333 0.0 0.0 0.0 0.009199641503989546 0.009199641503989546 0.7070469338001532 0.707046933800153
1.0 0.0 0.0 0.0 0.0 0.0 0.7071067811865475 0.7071067811865476
1.0166666666666666 0.0 0.0 0.0 -0.009201225784440973 -0.009201225784440973 0.7070469131847361 0.7070469131847361
1.0333333333333334 0.0 0.0 0.0 -0.018402184587552897 -0.018402184587552897 0.7068672857067341 0.7068672857067341
1.05 0.0 0.0 0.0 -0.030676158206629812 -0.030676158206629812 0.7064410614606728 0.7064410614606725
1.0666666666666667 0.0 0.0 0.0 -0.04747375425949656 -0.04747375425949656 0.7055113341800462 0.7055113341800463
1.0833333333333333 0.0 0.0 0.0 -0.06730987514008281 -0.06730987514008281 0.7038958592779379 0.7038958592779379
1.1 0.0 0.0 0.0 -0.08884488135361196 -0.08884488135361196 0.7015030912670754 0.7015030912670753
1.1166666666666667 0.0 0.0 0.0 -0.11209701067429409 -0.11209701067429409 0.6981649233511286 0.6981649233511286
1.1333333333333333 0.0 0.0 0.0 -0.13695833792014112 -0.13695833792014112 0.6937163784099035 0.6937163784099035
1.15 0.0 0.0 0.0 -0.1619186665009117 -0.1619186665009117 0.6883184912804293 0.6883184912804294
1.1666666666666667 0.0 0.0 0.0 -0.18693526193068732 -0.18693526193068732 0.6819495640052168 0.6819495640052169
1.1833333333333333 0.0 0.0 0.0 -0.21197098229390102 -0.21197098229390102 0.6745875055657039 0.674587505565704
1.2 0.0 0.0 0.0 -0.23559450737741328 -0.23559450737741328 0.6667047533155842 0.6667047533155842
1.2166666666666666 0.0 0.0 0.0 -0.25773913733367576 -0.25773913733367576 0.6584607331394126 0.6584607331394126
1.2333333333333334 0.0 0.0 0.0 -0.2785007551289132 -0.2785007551289132 0.6499517900526355 0.6499517900526355
1.25 0.0 0.0 0.0 -0.2967903278757347 -0.2967903278757347 0.6418064359909567 0.6418064359909565
1.2666666666666666 0.0 0.0 0.0 -0.3135012089963025 -0.3135012089963025 0.6338114798249214 0.6338114798249214
1.2833333333333334 0.0 0.0 0.0 -0.32785776712222087 -0.32785776712222087 0.6265056141309762 0.6265056141309762
1.3 0.0 0.0 0.0 -0.33642800495022335 -0.33642800495022335 0.6219454939825615 0.6219454939825615
1.3166666666666667 0.0 0.0 0.0 -0.33962931583733685 -0.33962931583733685 0.6202031343228301 0.6202031343228301
1.3333333333333333 0.0 0.0 0.0 -0.34080647607033376 -0.34080647607033376 0.6195570561849175 0.6195570561849175
1.35 0.0 0.0 0.0 -0.34097454158770935 -0.34097454158770935 0.6194645768638039 0.6194645768638037
1.3666666666666667 0.0 0.0 0.0 -0.33724450435235237 -0.33724450435235237 0.6215031329640555 0.6215031329640552
1.3833333333333333 0.0 0.0 0.0 -0.32797732995443846 -0.32797734875294565 0.6264430211160378 0.6264430309580892
1.4 0.0 0.0 0.0 -0.3160686470741392 -0.3160686783702357 0.6325350508495892 0.6325350664877982
1.4166666666666667 0.0 0.0 0.0 -0.3021037769423638 -0.3021038228524906 0.6393225165891712 0.6393225382834227
1.4333333333333333 0.0 0.0 0.0 -0.28536513487712234 -0.28536519779185043 0.6469673128444885 0.6469673405949962
1.45 0.0 0.0 0.0 -0.2668855432194468 -0.2668856234280723 0.6548068906230365 0.6548069233143925
1.4666666666666666 0.0 0.0 0.0 -0.2466299096630245 -0.2466300076579132 0.6627017725362272 0.6627018090058368
1.4833333333333334 0.0 0.0 0.0 -0.22455623021242646 -0.22455634625166404 0.6705031300136508 0.6705031688760194
1.5 0.0 0.0 0.0 -0.2017699662450662 -0.20177009759140338 0.6777085123546519 0.6777085514595967
1.5166666666666666 0.0 0.0 0.0 -0.17828228921671752 -0.17828243259091026 0.6842626500324764 0.6842626873881454
1.5333333333333334 0.0 0.0 0.0 -0.15410762010148052 -0.15410777248297666 0.6901092626971003 0.6901092967252779
1.55 0.0 0.0 0.0 -0.13042906203883817 -0.13042921849511224 0.6949735383183695 0.694973567681296
1.5666666666666667 0.0 0.0 0.0 -0.10729457088747561 -0.10729472755365048 0.6989190521363602 0.6989190761869877
1.5833333333333333 0.0 0.0 0.0 -0.08473559366549815 -0.08473574625546403 0.7020112914380576 0.7020113098562983
1.6 0.0 0.0 0.0 -0.06394771218173698 -0.06394785226354623 0.7042092531278467 0.7042092658483853
1.6166666666666667 0.0 0.0 0.0 -0.045146353894464086 -0.04514647005452592 0.7056640817284213 0.7056640891600164
1.6333333333333333 0.0 0.0 0.0 -0.028177889216869728 -0.02817797263041534 0.7065451166475072 0.706545119974147
1.65 0.0 0.0 0.0 -0.013686818906748258 -0.013686865010810175 0.7069743062701614 0.7069743071627241
1.6666666666666667 0.0 0.0 0.0 -0.002158347111443234 -0.002158347111443234 0.7071034871486257 0.7071034871486256
1.6833333333333333 0.0 0.0 0.0 0.0068768155564015825 0.0068768600319534965 0.7070733404648353 0.7070733408973946
1.7 0.0 0.0 0.0 0.01421243074843746 0.014212519208513056 0.706963934227021 0.7069639360053813
1.7166666666666666 0.0 0.0 0.0 0.01990465053955892 0.019904777171907997 0.7068265698498725 0.706826573415925
1.7333333333333334 0.0 0.0 0.0 0.023897811772045145 0.02389797304739608 0.7067028278450752 0.7067028332987692
1.75 0.0 0.0 0.0 0.026818734427262507 0.026818925681614973 0.7065980082234057 0.7065980154824382
1.7666666666666666 0.0 0.0 0.0 0.028738549664113638 0.02873876554452415 0.7065225285544524 0.7065225373356487
1.7833333333333334 0.0 0.0 0.0 0.029586847741284936 0.029587083599883525 0.7064875119094839 0.7064875217869981
1.8 0.0 0.0 0.0 0.0297776340868818 0.029777886225036836 0.7064794954504829 0.7064795060779808
1.8166666666666667 0.0 0.0 0.0 0.029207494792732505 0.029207760541048424 0.7065032956215964 0.7065033066079256
1.8333333333333333 0.0 0.0 0.0 0.027773693042606743 0.0277739687085941 0.70656111318284 0.7065611240188461
1.85 0.0 0.0 0.0 0.025891140232652612 0.025891419989450822 0.7066326021143732 0.7066326123647656
1.8666666666666667 0.0 0.0 0.0 0.02358683664471684 0.02358711674099991 0.7067132713653017 0.7067132807136819
1.8833333333333333 0.0 0.0 0.0 0.020833535595378934 0.020833815839275842 0.7067997963480007 0.7067998046084875
1.9 0.0 0.0 0.0 0.017964983002754068 0.017965263294056996 0.70687852514755 0.706878532271076
1.9166666666666667 0.0 0.0 0.0 0.014977696937340681 0.014977973838196398 0.7069481312654432 0.706948137132034
1.9333333333333333 0.0 0.0 0.0 0.011875189406485668 0.011875458128141097 0.7070070533553726 0.7070070578689863
1.95 0.0 0.0 0.0 0.009001916286977526 0.009002175117012309 0.7070494755271111 0.7070494788224952
1.9666666666666666 0.0 0.0 0.0 0.006372159670077022 0.006372407717958299 0.7070780667082498 0.707078068943691
1.9833333333333334 0.0 0.0 0.0 0.003971792723849144 0.003972028279917537 0.7070956250687337 0.7070956263919038
2.0 0.0 0.0 0.0 0.0021027306585250094 0.0021029526317544968 0.7071036540636945 0.707103654723816
2.0166666666666666 0.0 0.0 0.0 0.0009084059776823517 0.0009086132725227992 0.7071061974144487 0.7071061976807865
2.033333333333333 0.0 0.0 0.0 0.0002454311506826388 0.0002456226790790457 0.7071067385264405 0.707106738592944
2.05 0.0 0.0 0.0 -1.4519821914371584e-05 -1.4344511141260518e-05 0.7071067810410496 0.7071067810374716
2.066666666666667 0.0 0.0 0.0 -7.382531337085642e-05 -7.366668487598657e-05 0.7071067773492343 0.7071067773326905
2.0833333333333335 0.0 0.0 0.0 -8.814250510384414e-05 -8.800100991783562e-05 0.7071067757105869 0.7071067756929634
2.1 0.0 0.0 0.0 -0.00011571762709489078 -0.00011559303904221194 0.7071067717383629 0.7071067717179852
2.1166666666666667 0.0 0.0 0.0 -0.00017769505295087484 -0.0001775871340937069 0.7071067588863861 0.7071067588592744
2.1333333333333333 0.0 0.0 0.0 -0.0002529304070894173 -0.0002528389312525997 0.7071067359829595 0.7071067359502448
2.15 0.0 0.0 0.0 -0.0003362367947057567 -0.00033616089379600087 0.7071067012805448 0.7071067012444571
2.1666666666666665 0.0 0.0 0.0 -0.0004278693998186027 -0.00042780749690431104 0.7071066517723801 0.707106651734925
2.183333333333333 0.0 0.0 0.0 -0.000527573032765855 -0.0005275242597529449 0.7071065844115408 0.7071065843751527
2.2 0.0 0.0 0.0 -0.0006293952391201585 -0.0006293602125095472 0.707106501105543 0.7071065010743663
2.216666666666667 0.0 0.0 0.0 -0.0007330327080699881 -0.0007330058672764594 0.707106401259668 0.7071064012318435
2.2333333333333334 0.0 0.0 0.0 -0.0008387887445188894 -0.000838770706043024 0.7071062837110861 0.7071062836896883
2.25 0.0 0.0 0.0 -0.0009416265194706839 -0.0009416265194706839 0.7071061542226159 0.7071061542226159
2.2666666666666666 0.0 0.0 0.0 -0.0010380637128556292 -0.001045268070088315 0.7071060086116238 0.7071060192246479
2.283333333333333 0.0 0.0 0.0 -0.001110091453331967 -0.0011674917831785909 0.7071058173731398 0.7071059098161783
2.3 0.0 0.0 0.0 -0.001130820418682772 -0.0013244846076405595 0.7071055407366882 0.7071058769697651
2.316666666666667 0.0 0.0 0.0 -0.0008696410873558228 -0.0017478930090908938 0.7071046208801274 0.7071062464187254
2.3333333333333335 0.0 0.0 0.0 -0.00019484265120735863 -0.002568387980723603 0.7071021166586763 0.7071067543421865
2.35 0.0 0.0 0.0 0.0007721096544701548 -0.0036506859205563806 0.7070973571526833 0.7071063596423678
2.3666666666666667 0.0 0.0 0.0 0.0020291011920934164 -0.004989072372645644 0.7070891804835233 0.7071038698439942
2.3833333333333333 0.0 0.0 0.0 0.003578236682689814 -0.0065892397000001475 0.7070760793013549 0.7070977274905094
2.4 0.0 0.0 0.0 0.005304375044543335 -0.008333013047397135 0.7070576786186202 0.7070868854712176
2.4166666666666665 0.0 0.0 0.0 0.0072013926833540695 -0.010221142616652981 0.7070329046399538 0.7070701096379483
2.433333333333333 0.0 0.0 0.0 0.00927462893272722 -0.012253566977949864 0.7070006011994027 0.7070459541346377
2.45 0.0 0.0 0.0 0.011426138306789006 -0.014310906648993512 0.706961949436378 0.7070144576763576
2.466666666666667 0.0 0.0 0.0 0.01365972874261373 -0.016392930944321205 0.7069167361260129 0.7069748311012762
2.4833333333333334 0.0 0.0 0.0 0.015971525973973506 -0.01849982618244466 0.7068647370121242 0.7069263825590771
2.5 0.0 0.0 0.0 0.018252086255164907 -0.020512878598808463 0.7068091834516518 0.7068711773352582
2.5166666666666666 0.0 0.0 0.0 0.020504331100336226 -0.02242612693441989 0.7067510656735659 0.706809431463763
2.533333333333333 0.0 0.0 0.0 0.022725307312900823 -0.02424554815404041 0.7066909886185829 0.7067415089037393
2.55 0.0 0.0 0.0 0.024796817793940537 -0.025870391932836273 0.7066333722810164 0.7066718600788446
2.566666666666667 0.0 0.0 0.0 0.026743748105445154 -0.027297465531357215 0.7065796829626254 0.7066008575831709
2.5833333333333335 0.0 0.0 0.0 0.02854126400495779 -0.02853003931167794 0.7065309878957003 0.706530534548224
2.6 0.0 0.0 0.0 0.0299966843874945 -0.029477100957185035 0.7064921093113213 0.706470239235707
2.6166666666666667 0.0 0.0 0.0 0.031073053010720025 -0.030106061932283396 0.7064655865892756 0.7064237151855769
2.6333333333333333 0.0 0.0 0.0 0.031807477249826605 -0.030449590476919298 0.7064508634291474 0.7063910279660988
2.65 0.0 0.0 0.0 0.0321184182186159 -0.030514559923743613 0.7064480601096307 0.7063769582957347
2.6666666666666665 0.0 0.0 0.0 0.032122040890798675 -0.0304168175236766 0.706452275254126 0.7063767935663019
2.683333333333333 0.0 0.0 0.0 0.031811324919270405 -0.030068722492934585 0.7064671768225633 0.706390854702183
2.7 0.0 0.0 0.0 0.030919908343983334 -0.02917187555941322 0.7065047782402792 0.7064304348398359
2.716666666666667 0.0 0.0 0.0 0.029310362950448383 -0.027604108112329984 0.7065677697258226 0.7064990464421823
2.7333333333333334 0.0 0.0 0.0 0.0270513121569465 -0.025450831714380392 0.7066486079835198 0.7065891497260537
2.75 0.0 0.0 0.0 0.024185393442261803 -0.022724940366299604 0.7067415207028297 0.7066930498767077
2.7666666666666666 0.0 0.0 0.0 0.020786366734726135 -0.019502202578418268 0.7068377919258353 0.706801193376164
2.783333333333333 0.0 0.0 0.0 0.016780080920644754 -0.01570652389177021 0.7069323200329981 0.7069076523028285
2.8 0.0 0.0 0.0 0.011987278975280263 -0.01112295491523427 0.7070192924340564 0.7070051662772832
2.816666666666667 0.0 0.0 0.0 0.006434947727402352 -0.0057778053982042886 0.7070831754219447 0.7070775003121974
2.8333333333333335 0.0 0.0 0.0 9.612224758808418e-05 0.00035521621329482727 0.7071066919648279 0.7071067746532439
2.85 0.0 0.0 0.0 -0.007289154715515864 0.007569759574600668 0.707066261916083 0.7070692103489823
2.8666666666666667 0.0 0.0 0.0 -0.01590493841940664 0.01605299945643718 0.7069245371384782 0.7069278838282409
2.8833333333333333 0.0 0.0 0.0 -0.025564195426511345 0.02561484984124208 0.7066426816062065 0.706644515942914
2.9 0.0 0.0 0.0 -0.03596931634742785 0.035982093242934415 0.7061906888127714 0.7061913397100666
2.9166666666666665 0.0 0.0 0.0 -0.047223044848951116 0.047245967199842434 0.7055266249996178 0.7055281596330468
2.933333333333333 0.0 0.0 0.0 -0.05923784049821791 0.059282014964529714 0.7046173732613646 0.704621088424912
2.95 0.0 0.0 0.0 -0.0714314436022166 0.07149420853856617 0.7034831754530052 0.7034895513544629
2.966666666666667 0.0 0.0 0.0 -0.08378033675448915 0.08385558311050184 0.7021169711530962 0.7021259539237276
2.9833333333333334 0.0 0.0 0.0 -0.0962985469417849 0.096383620253465 0.7005071004257103 0.7005188005020998
3.0 0.0 0.0 0.0 -0.10846533704928679 0.10855426061374147 0.6987245326325704 0.6987383420557258
3.0166666666666666 0.0 0.0 0.0 -0.12028190793960418 0.12036364033178254 0.6967873377768006 0.6968014513635922
3.033333333333333 0.0 0.0 0.0 -0.13174691083895015 0.13181195907185903 0.694712607806738 0.6947249466403187
3.05 0.0 0.0 0.0 -0.1423446538899815 0.14239010423060552 0.6926218724651985 0.6926312146510156
3.066666666666667 0.0 0.0 0.0 -0.15209276659042875 0.15211648724349544 0.6905509208658687 0.6905561456904641
3.0833333333333335 0.0 0.0 0.0 -0.16098410389479967 0.16098323164623313 0.6885378705116628 0.6885376665754666
3.1 0.0 0.0 0.0 -0.16847586963466687 0.1684517330748609 0.6867488723136541 0.6867429514387773
3.1166666666666667 0.0 0.0 0.0 -0.17494815136394046 0.17489957127118172 0.6851351253359855 0.6851227220975377
3.1333333333333333 0.0 0.0 0.0 -0.18003795280616253 0.1799662009507 0.6838217359190715 0.6838028484507549
3.15 0.0 0.0 0.0 -0.1820999088949285 0.18201772900057933 0.6832785276367696 0.6832566305426232
3.1666666666666665 0.0 0.0 0.0 -0.18200779687109378 0.18192544059625335 0.6833031055570137 0.6832811733672534
3.183333333333333 0.0 0.0 0.0 -0.18136234499870998 0.18127990413424117 0.6834746493887541 0.6834527780443714
3.2 0.0 0.0 0.0 -0.179609508054969 0.17952700225121837 0.6839371721603462 0.6839155098520957
3.216666666666667 0.0 0.0 0.0 -0.17589266976462195 0.1758178891439378 0.6849000436975968 0.6848808427186978
3.2333333333333334 0.0 0.0 0.0 -0.17023887966418866 0.17019076394346194 0.6863199719287942 0.6863080386026975
3.25 0.0 0.0 0.0 -0.1634201516813665 0.16342269539823784 0.6879629514943192 0.6879635557385574
3.2666666666666666 0.0 0.0 0.0 -0.1555470529542438 0.155627276114627 0.6897681863707122 0.6897862816244243
3.283333333333333 0.0 0.0 0.0 -0.14649387739546876 0.14667624565251197 0.6917268817685807 0.6917655266675562
3.3 0.0 0.0 0.0 -0.13668578864730982 0.13699142641722556 0.6937098450275692 0.6937701313705159
3.316666666666667 0.0 0.0 0.0 -0.12612567917617756 0.12658144343487138 0.6956846542636573 0.6957674274154748
3.3333333333333335 0.0 0.0 0.0 -0.11480250853995035 0.11542986822490076 0.6976216349294091 0.6977251493481762
3.35 0.0 0.0 0.0 -0.10312840834778633 0.1039284984532222 0.6994275282037866 0.6995459465908241
3.3666666666666667 0.0 0.0 0.0 -0.09109679956918182 0.09207133015491911 0.7010869205480185 0.7012142134242948
3.3833333333333333 0.0 0.0 0.0 -0.07871624499313887 0.07986609974309401 0.7025819568646964 0.7027117138444329
3.4 0.0 0.0 0.0 -0.06642857084568261 0.06773182140942217 0.7038553831353157 0.7039795771010692
3.4166666666666665 0.0 0.0 0.0 -0.054252937112399834 0.0556945347739766 0.7049100075870042 0.7050224243346292
3.433333333333333 0.0 0.0 0.0 -0.0421787753407474 0.04373634458562024 0.7057528832121677 0.7058476825142623
3.45 0.0 0.0 0.0 -0.03060718278345581 0.03221401951219733 0.7063726048955096 0.7064440532427604
3.466666666666667 0.0 0.0 0.0 -0.019820200582038726 0.021425674278312982 0.7067821025476805 0.7068289465272964
3.4833333333333334 0.0 0.0 0.0 -0.009517507900659066 0.011107623372808304 0.707019533466373 0.7070427264623835
3.5 0.0 0.0 0.0 0.0007736012653105402 0.0007736012653105402 0.7071063580120619 0.7071063580120619
3.5166666666666666 0.0 0.0 0.0 0.011016011961168993 -0.009609122144364773 0.7070414873058121 0.7070209667898621
3.533333333333333 0.0 0.0 0.0 0.021196682318122502 -0.02004920555445408 0.7068224878685138 0.7067890071716626
3.55 0.0 0.0 0.0 0.03182442521807744 -0.030996806929030927 0.706427064855392 0.7063902646268131
3.566666666666667 0.0 0.0 0.0 0.0431754864929006 -0.042739681640044346 0.7058139412148982 0.7057874165540934
3.5833333333333335 0.0 0.0 0.0 0.054965954310612256 -0.05498157503974147 0.7049659753535266 0.704967193468408
3.6 0.0 0.0 0.0 0.06686398998495208 -0.06729645342430787 0.703897142597205 0.7039383544340315
3.6166666666666667 0.0 0.0 0.0 0.07889127141018876 -0.07969110072629049 0.7026018278264242 0.7026920856927904
3.6333333333333333 0.0 0.0 0.0 0.09101793413336041 -0.09215018011576641 0.7010765609436901 0.7012244545550984
3.65 0.0 0.0 0.0 0.10283816100933875 -0.1042186788392045 0.6993843485387778 0.6995886738936082
3.6666666666666665 0.0 0.0 0.0 0.11435772005755342 -0.11587454394533304 0.6975479123798316 0.6977981884923736
3.683333333333333 0.0 0.0 0.0 0.12556840804522607 -0.12713856722833566 0.6955830537923748 0.695868216619345
3.7 0.0 0.0 0.0 0.13605006398860056 -0.137626980960434 0.6935840353639323 0.6938950785880367
3.716666666666667 0.0 0.0 0.0 0.14580804323623853 -0.14736189745029682 0.6915811385367939 0.6919104093216254
3.7333333333333334 0.0 0.0 0.0 0.1548391375838283 -0.1563350090812479 0.6896081241803684 0.6899455351491857
3.75 0.0 0.0 0.0 0.16271817178098308 -0.1641245045750783 0.6877958614283638 0.6881299271011648
3.7666666666666666 0.0 0.0 0.0 0.16958392074141457 -0.17086185962106504 0.6861532080569408 0.6864701696548581
3.783333333333333 0.0 0.0 0.0 0.17531222960471898 -0.17643071314990472 0.6847424358526469 0.685029650563406
3.8 0.0 0.0 0.0 0.17909142269262018 -0.18004500099713766 0.683800992698856 0.6840513594153097
3.816666666666667 0.0 0.0 0.0 0.18090329166283256 -0.1816875459803016 0.6833663992585939 0.6835744283291704
3.8333333333333335 0.0 0.0 0.0 0.1816271423511353 -0.18223580539251155 0.6832203972606077 0.683382455994709
3.85 0.0 0.0 0.0 0.18179841267796634 -0.1822462525465374 0.6832176105991002 0.6833369133507803
3.8666666666666667 0.0 0.0 0.0 0.17972077673425826 -0.18002654984221775 0.6838058506271408 0.6838862788578485
3.8833333333333333 0.0 0.0 0.0 0.17448839220667237 -0.17466668417259318 0.6851945340121677 0.6852399586897502
3.9 0.0 0.0 0.0 0.16782332899791017 -0.16789803410100504 0.6868844518148723 0.6869027079900466
3.9166666666666665 0.0 0.0 0.0 0.16009773297315813 -0.16010085342335856 0.6887435783607077 0.6887443037128187
3.933333333333333 0.0 0.0 0.0 0.15092131899364655 -0.1508769706694069 0.6908227990748589 0.6908131118278069
3.95 0.0 0.0 0.0 0.14088568638009855 -0.14080363196409743 0.6929461286606047 0.6929294505021477
3.966666666666667 0.0 0.0 0.0 0.13000067827443046 -0.12988763863206812 0.6950749609434835 0.6950538278782357
3.9833333333333334 0.0 0.0 0.0 0.11824609386638917 -0.11811200223767199 0.6971725431537076 0.6971498126553152
4.0 0.0 0.0 0.0 0.10617958357889554 -0.10602927192100137 0.6991121465801481 0.6990893333695003
4.016666666666667 0.0 0.0 0.0 0.09380309892162876 -0.09363962870834905 0.7008791764172785 0.70085731688604
4.033333333333333 0.0 0.0 0.0 0.08111774519609509 -0.08094604427229991 0.7024583531545958 0.7024385463613891
4.05 0.0 0.0 0.0 0.06868936855002497 -0.06851466471738427 0.7037796109000776 0.7037625811651247
4.066666666666666 0.0 0.0 0.0 0.05650533041107517 -0.056330458219923454 0.7048594749854279 0.7048454778425803
4.083333333333333 0.0 0.0 0.0 0.044590956041734915 -0.044416573793582326 0.7057103995070777 0.7056994024648767
4.1 0.0 0.0 0.0 0.033574250864588075 -0.03340162378214443 0.7063174438796737 0.7063092592334337
4.116666666666666 0.0 0.0 0.0 0.02353573846063972 -0.023367590273626095 0.7067205641021095 0.7067149842865315
4.133333333333334 0.0 0.0 0.0 0.014403330054207637 -0.014241630706269121 0.7069633483815311 0.7069600724817136
4.15 0.0 0.0 0.0 0.006576722374027486 -0.006420716402509216 0.7070776296849438 0.7070761958394689
4.166666666666667 0.0 0.0 0.0 0.0002569040168780833 -0.00010401430276995911 0.7071067735363767 0.7071067345177291
4.183333333333334 0.0 0.0 0.0 -0.00475472228789469 0.004905273899173229 0.7070897667821064 0.7070907951712886
4.2 0.0 0.0 0.0 -0.008658768861208557 0.00880505604146127 0.7070519577712143 0.7070537643785005
4.216666666666667 0.0 0.0 0.0 -0.011541564446297259 0.01168168386290903 0.7070102815816239 0.7070125828372024
4.233333333333333 0.0 0.0 0.0 -0.01331694636527003 0.013448978808713416 0.7069788716567157 0.7069813709989143
4.25 0.0 0.0 0.0 -0.01392697224407211 0.014046233282328752 0.7069672576085674 0.7069696170586914
4.266666666666667 0.0 0.0 0.0 -0.013907267974332699 0.014007017807991184 0.7069680356650692 0.70697000494893
4.283333333333333 0.0 0.0 0.0 -0.013713147836130308 0.013788698206087855 0.706972327465355 0.7069737969517856
4.3 0.0 0.0 0.0 -0.013166149423811429 0.01321620557004686 0.7069832614074609 0.7069841953745146
4.316666666666666 0.0 0.0 0.0 -0.011972232281822034 0.011995236478237763 0.7070050313129542 0.7070054212339464
4.333333333333333 0.0 0.0 0.0 -0.010257278089986643 0.010251933605061821 0.7070324588428437 0.7070323813278885
4.35 0.0 0.0 0.0 -0.008472742137271514 0.00844193297375342 0.7070563865546133 0.7070560180358239
4.366666666666666 0.0 0.0 0.0 -0.006659166000798659 0.006604066165277242 0.7070759409781135 0.7070754242003987
4.383333333333334 0.0 0.0 0.0 -0.004776021220045661 0.004699516014428085 0.7070911642420872 0.7070906516291285
4.4 0.0 0.0 0.0 -0.0031532310322332897 0.003067520314363448 0.7071001275060846 0.7070997504836621
4.416666666666667 0.0 0.0 0.0 -0.0017839685460733449 0.0016984901591527628 0.7071047412732991 0.7071045307846829
4.433333333333334 0.0 0.0 0.0 -0.0006804914561361076 0.0005966431512649445 0.707106529468474 0.7071064537475091
4.45 0.0 0.0 0.0 -0.00020136164462961043 0.00012193842669821961 0.7071067706725909 0.7071067525158334
4.466666666666667 0.0 0.0 0.0 -0.00015837540371678127 0.00010258730707303239 0.7071067737448459 0.7071067634503515
4.483333333333333 0.0 0.0 0.0 -0.00012562504829333342 0.00011237126645411443 0.7071067722576969 0.7071067700272338
4.5 0.0 0.0 0.0 -0.00010511363547919189 0.0001296017654904028 0.7071067693095451 0.7071067733738121
4.516666666666667 0.0 0.0 0.0 -0.00016979840678893796 0.00022224357936498934 0.707106746260981 0.7071067607995989
4.533333333333333 0.0 0.0 0.0 -0.00031893394350269246 0.0003945437494970005 0.7071066711149243 0.7071067092604479
4.55 0.0 0.0 0.0 -0.0004439693187423214 0.0005292371504113982 0.7071065831315945 0.7071066418095959
4.566666666666666 0.0 0.0 0.0 -0.0005020851093656564 0.000586867363675055 0.7071065376495239 0.7071066029323605
4.583333333333333 0.0 0.0 0.0 -0.0005308041679009518 0.0006121874138549023 0.7071065161816641 0.7071065819570169
4.6 0.0 0.0 0.0 -0.0005420890030009387 0.0006142463755160931 0.7071065143960917 0.7071065733957738
4.616666666666666 0.0 0.0 0.0 -0.000543843800340218 0.0005980323863323727 0.7071065282948991 0.7071065720483164
4.633333333333334 0.0 0.0 0.0 -0.0005346229630888589 0.0005649637720207242 0.7071065554892955 0.7071065790800475
4.65 0.0 0.0 0.0 -0.0005123643240796099 0.0005187348867751629 0.7071065909140694 0.7071065955588305
4.666666666666667 0.0 0.0 0.0 -0.0004732455566848339 0.00045603068811152686 0.7071066341337857 0.7071066228219356
4.683333333333334 0.0 0.0 0.0 -0.00042108898504832987 0.00038016621450029316 0.7071066789909775 0.7071066558052376
4.7 0.0 0.0 0.0 -0.0003652994188822974 0.00030478094443046406 0.7071067155023888 0.7071066868276205
4.716666666666667 0.0 0.0 0.0 -0.000306338531560362 0.00023090556517256234 0.7071067434854655 0.7071067148293135
4.733333333333333 0.0 0.0 0.0 -0.00024374464959941707 0.00015750939134432187 0.7071067636437877 0.7071067391763042
4.75 0.0 0.0 0.0 -0.000185537564665462 9.513984580191001e-05 0.7071067747861066 0.7071067568449705
4.766666666666667 0.0 0.0 0.0 -0.000129830540152794 4.5100478321203926e-05 0.7071067797482549 0.7071067692675773
4.783333333333333 0.0 0.0 0.0 -7.695869200278657e-05 7.63936258577293e-06 0.7071067811452807 0.7071067769986085
4.8 0.0 0.0 0.0 -3.827459164981846e-05 -8.279292496727385e-06 0.7071067811380778 0.7071067801506754
4.816666666666666 0.0 0.0 0.0 -1.0258348301331787e-05 -1.3435342680811455e-06 0.7071067648652734 0.7071067974321334
4.833333333333333 0.0 0.0 0.0 1.4776278469271771e-05 1.5928552797118987e-05 0.7071066504471487 0.7071069115921275
4.85 0.0 0.0 0.0 3.172624795961775e-05 3.1756116387505196e-05 0.7071063398333933 0.7071072211146029
4.866666666666666 0.0 0.0 0.0 3.986342838361841e-05 3.986097700124404e-05 0.7070850374643455 0.7071285219930354
4.883333333333334 0.0 0.0 0.0 4.322898461896044e-05 4.320827888914538e-05 0.7069373747442108 0.7072761444118292
4.9 0.0 0.0 0.0 4.391336825498038e-05 4.3842591171724446e-05 0.7065362530889386 0.7076768466047809
4.916666666666667 0.0 0.0 0.0 4.0956089277582145e-05 4.078174322967749e-05 0.7055969226141587 0.7086134203194836
4.933333333333334 0.0 0.0 0.0 3.370548663549905e-05 3.3419944876610594e-05 0.7040924813193223 0.7101082843458786
4.95 0.0 0.0 0.0 2.4707757811921473e-05 2.4374050335502043e-05 0.7022829261277702 0.7118979494736933
4.966666666666667 0.0 0.0 0.0 1.3995226524495944e-05 1.37257535817247e-05 0.7001999827795333 0.7139467653342779
4.983333333333333 0.0 0.0 0.0 1.4842804522911987e-06 1.4459898255839492e-06 0.6978072534804194 0.7162855833994005
5.0 0.0 0.0 0.0 -1.0403654946620807e-05 -1.0063674231105493e-05 0.6952651897174285 0.7187533066064284
5.016666666666667 0.0 0.0 0.0 -2.198651099987246e-05 -2.1109381003116142e-05 0.6925716159708346 0.7213491220085695
5.033333333333333 0.0 0.0 0.0 -3.294606999409339e-05 -3.1383336733776e-05 0.6897257811666105 0.7240706766081275
5.05 0.0 0.0 0.0 -3.9828638916254076e-05 -3.764394492628754e-05 0.6868936088333295 0.7267579838849642
5.066666666666666 0.0 0.0 0.0 -4.247069667948703e-05 -3.9830577283957755e-05 0.6840718211181865 0.7294146558452282
5.083333333333333 0.0 0.0 0.0 -4.3546473123685655e-05 -4.052614185672017e-05 0.6812642924274954 0.7320375402427122
5.1 0.0 0.0 0.0 -4.38229083971912e-05 -4.049296060746573e-05 0.6786514402783064 0.7344604952262942
5.116666666666666 0.0 0.0 0.0 -3.546457601010833e-05 -3.255466397611883e-05 0.6762377046106292 0.7366834900725041
5.133333333333334 0.0 0.0 0.0 -1.688713366112002e-05 -1.540834527001709e-05 0.6740226050913808 0.7387107196347135
5.15 0.0 0.0 0.0 1.6503682253576734e-06 1.498338189865249e-06 0.6721822436749045 0.7403857314151878
5.166666666666667 0.0 0.0 0.0 1.9932442987937827e-05 1.8022561227186165e-05 0.6706768675483259 0.7417496468576512
5.183333333333334 0.0 0.0 0.0 3.8121808332641155e-05 3.436408724684428e-05 0.669550763075183 0.7427662977217513
5.2 0.0 0.0 0.0 4.63763564981341e-05 4.175489040824862e-05 0.6691078735379133 0.7431652909517065
5.216666666666667 0.0 0.0 0.0 4.630054948325085e-05 4.1698209241652894e-05 0.669210434419171 0.7430729375922815
5.233333333333333 0.0 0.0 0.0 4.5781350518724364e-05 4.1288698364883136e-05 0.6697304469211902 0.7426042853808845
5.25 0.0 0.0 0.0 4.438350134124852e-05 4.016433301600103e-05 0.6709852642374092 0.7414706815466038
5.266666666666667 0.0 0.0 0.0 3.817189795419869e-05 3.473448982049582e-05 0.6730203051900628 0.7396240032194034
5.283333333333333 0.0 0.0 0.0 2.660352292142868e-05 2.439031166095322e-05 0.6757810702231761 0.7371023971100515
5.3 0.0 0.0 0.0 1.4317587498069772e-05 1.3257806798756498e-05 0.6794295896654716 0.7337407119045842
5.316666666666666 0.0 0.0 0.0 2.175526149405896e-06 2.0396461239423746e-06 0.6839572552006592 0.729522085374725
5.333333333333333 0.0 0.0 0.0 -1.05839344033652e-05 -1.0071285218652692e-05 0.6893445628493378 0.7244336225332207
5.35 0.0 0.0 0.0 -2.1823510568273763e-05 -2.1137525221223526e-05 0.6957272835836261 0.7183060252805125
5.366666666666666 0.0 0.0 0.0 -3.217256375637045e-05 -3.181852654005683e-05 0.7031838782369835 0.711008038871645
5.383333333333334 0.0 0.0 0.0 -4.095969135673705e-05 -4.148226901893498e-05 0.7115746465845111 0.7026105030097779
5.4 0.0 0.0 0.0 -4.4295546416406664e-05 -4.605009955996019e-05 0.7207032167403348 0.6932437300815832
5.416666666666667 0.0 0.0 0.0 -4.345203649483101e-05 -4.649595410824652e-05 0.7306176498864113 0.6827868229722247
5.433333333333334 0.0 0.0 0.0 -4.1513767548081605e-05 -4.5836413543302236e-05 0.7411919497984775 0.6712931473876086
5.45 0.0 0.0 0.0 -3.754789397669453e-05 -4.2834685307490494e-05 0.7519887498846581 0.6591759376693409
5.466666666666667 0.0 0.0 0.0 -2.517008651381825e-05 -2.971019134251132e-05 0.76299745342245 0.6464014886698726
5.483333333333333 0.0 0.0 0.0 -5.6963382224526035e-06 -6.967110482078821e-06 0.7741764455096762 0.6329698501011043
5.5 0.0 0.0 0.0 1.0817025093980735e-05 1.3710842757644172e-05 0.785086697362942 0.6193858872453852
5.516666666666667 0.0 0.0 0.0 2.2626194488015367e-05 2.972680819505873e-05 0.7957258639278549 0.6056569557766518
5.533333333333333 0.0 0.0 0.0 3.182407009526804e-05 4.334866862309554e-05 0.8060940971383384 0.5917873804558935
5.55 0.0 0.0 0.0 3.505021921229572e-05 4.944377991295569e-05 0.8158100784910624 0.5783199046887469
5.566666666666666 0.0 0.0 0.0 3.4065248655201654e-05 4.970939800813166e-05 0.8248928641410834 0.5652890933475143
5.583333333333333 0.0 0.0 0.0 3.197099805752778e-05 4.820601811719442e-05 0.8333751927036619 0.5527076848028887
5.6 0.0 0.0 0.0 2.7750214486962e-05 4.3126235097248737e-05 0.8409459508480929 0.541119122857667
5.616666666666666 0.0 0.0 0.0 2.0430549280386477e-05 3.2644689550253805e-05 0.8476758287073325 0.530514550170166
5.633333333333334 0.0 0.0 0.0 1.1234020646622119e-05 1.840653196887351e-05 0.8535791408283838 0.5209631943599036
5.65 0.0 0.0 0.0 2.3219982453717215e-06 3.88380638276484e-06 0.8582996929293295 0.513148747535199
5.666666666666667 0.0 0.0 0.0 -6.224715537323529e-06 -1.0581752435152272e-05 0.8619286874956433 0.5070295233231661
5.683333333333334 0.0 0.0 0.0 -1.4664129508197954e-05 -2.5216953549895643e-05 0.8644608569205272 0.5027001352708153
5.7 0.0 0.0 0.0 -2.1576380582028716e-05 -3.726610253498845e-05 0.8654135103191953 0.5010583342313603
5.716666666666667 0.0 0.0 0.0 -2.6796435761671673e-05 -4.6235849785227985e-05 0.865196468000768 0.5014330153701421
5.733333333333333 0.0 0.0 0.0 -3.059172949242411e-05 -5.256030273464884e-05 0.8642683463878146 0.5030310345631108
5.75 0.0 0.0 0.0 -3.22278179446399e-05 -5.485446730483409e-05 0.8622055265562318 0.5065586105558236
5.766666666666667 0.0 0.0 0.0 -3.0064184199593057e-05 -5.0380368273177926e-05 0.8587239785787318 0.512438411101156
5.783333333333333 0.0 0.0 0.0 -2.468654243039761e-05 -4.052864013238505e-05 0.8540400149370914 0.5202073150526207
5.8 0.0 0.0 0.0 -1.8758636629930877e-05 -3.0073812330997873e-05 0.8484734130444993 0.5292380051548622
5.816666666666666 0.0 0.0 0.0 -1.1650373451803367e-05 -1.818379641150996e-05 0.8420033730931693 0.5394722599294085
5.833333333333333 0.0 0.0 0.0 -3.8289474787093295e-06 -5.800400506408703e-06 0.8345642155556949 0.5509106733996013
5.85 0.0 0.0 0.0 -5.399295527642104e-08 -7.925291237959582e-08 0.8264365785980741 0.5630298229713058
5.866666666666666 0.0 0.0 0.0 -1.636080296599695e-08 -2.3230967159821327e-08 0.8175896189443891 0.5758013676558679
5.883333333333334 0.0 0.0 0.0 0.0 0.0 0.8079874028158179 0.5891997597512658
5.9 0.0 0.0 0.0 0.0 0.0 0.7979439746315883 0.6027316263057243
5.916666666666667 0.0 0.0 0.0 0.0 0.0 0.7874407093134292 0.6163904033288995
5.933333333333334 0.0 0.0 0.0 0.0 0.0 0.7764719136113405 0.6301518605643744
5.95 0.0 0.0 0.0 0.0 0.0 0.7654194707236446 0.64353168829292
5.966666666666667 0.0 0.0 0.0 0.0 0.0 0.7543258102096625 0.6565002452791135
5.983333333333333 0.0 0.0 0.0 0.0 0.0 0.7431754985590745 0.669096538880206
6.0 0.0 0.0 0.0 0.0 0.0 0.7323061662911567 0.6809755346647547
6.016666666666667 0.0 0.0 0.0 0.0 0.0 0.7220691611432748 0.6918208774862518
6.033333333333333 0.0 0.0 0.0 0.0 0.0 0.7121780065041541 0.7019989224007179
6.05 0.0 0.0 0.0 0.0 0.0 0.7020003815849954 0.712176568172894
6.066666666666666 0.0 0.0 0.0 0.0 0.0 0.6914215145720131 0.7224515825901023
6.083333333333333 0.0 0.0 0.0 0.0 0.0 0.6805451298605599 0.7327061663607544
6.1 0.0 0.0 0.0 0.0 0.0 0.6690241050220403 0.7432407058951077
6.116666666666666 0.0 0.0 0.0 0.0 0.0 0.6565676573727764 0.7542671352326206
6.133333333333334 0.0 0.0 0.0 0.0 0.0 0.6434221672907207 0.7655115378875174
6.15 0.0 0.0 0.0 0.0 0.0 0.6300527440534539 0.7765523419002178
6.166666666666667 0.0 0.0 0.0 0.0 0.0 0.6164651555065694 0.7873821893123194
6.183333333333334 0.0 0.0 0.0 0.0 0.0 0.6026591888271995 0.7979986855391066
6.2 0.0 0.0 0.0 0.0 0.0 0.5891313536542705 0.808037281405683
6.216666666666667 0.0 0.0 0.0 0.0 0.0 0.5759182419546633 0.8175072957373836
6.233333333333333 0.0 0.0 0.0 0.0 0.0 0.5630243518563611 0.8264403059003865
6.25 0.0 0.0 0.0 0.0 0.0 0.5509302298351704 0.8345513057049078
6.266666666666667 0.0 0.0 0.0 0.0 0.0 0.5396676676311779 0.8418781435062467
6.283333333333333 0.0 0.0 0.0 0.0 0.0 0.5292615980437774 0.8484586971892899
6.3 0.0 0.0 0.0 0.0 0.0 0.5202030182799792 0.8540426334629904
6.316666666666666 0.0 0.0 0.0 0.0 0.0 0.5117974960928945 0.8591061185866642
6.333333333333333 0.0 0.0 0.0 0.0 0.0 0.5047857664951586 0.8632446524270482
6.35 0.0 0.0 0.0 0.0 0.0 0.5018503182229247 0.864954483253049
6.366666666666666 0.0 0.0 0.0 0.0 0.0 0.5019209977159735 0.864913470846536
6.383333333333334 0.0 0.0 0.0 0.0 0.0 0.5024156602951985 0.8646262223007927
6.4 0.0 0.0 0.0 0.0 0.0 0.5037574867324356 0.8638451218598273
6.416666666666667 0.0 0.0 0.0 0.0 0.0 0.5086624516690558 0.8609660331639254
6.433333333333334 0.0 0.0 0.0 0.0 0.0 0.5178822007320081 0.8554519426390778
6.45 0.0 0.0 0.0 0.0 0.0 0.5289062566819607 0.8486802528883749
6.466666666666667 0.0 0.0 0.0 0.0 0.0 0.5412268369278108 0.8408766324432596
6.483333333333333 0.0 0.0 0.0 0.0 0.0 0.5552591203260127 0.8316774069883002
6.5 0.0 0.0 0.0 0.0 0.0 0.5699409859173007 0.8216856287970571
6.516666666666667 0.0 0.0 0.0 0.0 0.0 0.5852340738315476 0.810864402244007
6.533333333333333 0.0 0.0 0.0 0.0 0.0 0.6011056013547712 0.7991696040390418
6.55 0.0 0.0 0.0 0.0 0.0 0.6165718555713801 0.7872986389657137
6.566666666666666 0.0 0.0 0.0 0.0 0.0 0.6316212430996789 0.7752771151434926
6.583333333333333 0.0 0.0 0.0 0.0 0.0 0.6462699338544486 0.7631088864610126
6.6 0.0 0.0 0.0 0.0 0.0 0.6596594574248109 0.7515646347653699
6.616666666666666 0.0 0.0 0.0 0.0 0.0 0.6718531506512709 0.7406843753988338
6.633333333333334 0.0 0.0 0.0 0.0 0.0 0.6828713259462568 0.7305386726247975
6.65 0.0 0.0 0.0 0.0 0.0 0.6918664399422862 0.7220255045921764
6.666666666666667 0.0 0.0 0.0 0.0 0.0 0.6989188782946313 0.7152009518753274
6.683333333333334 0.0 0.0 0.0 0.0 0.0 0.7040650051829437 0.7101355282456593
6.7 0.0 0.0 0.0 0.0 0.0 0.7064284827468056 0.7077844295857647
6.75 0.0 0.0 0.0 0.0 0.0 0.7071067356296409 0.7071068267434513
6.8 0.0 0.0 0.0 0.0 0.0 0.7071067811865475 0.7071067811865476
6.85 0.0 0.0 0.0 0.0 0.0 0.7071067811865475 0.7071067811865476
6.9 0.0 0.0 0.0 0.0 0.0 0.7071067811865475 0.7071067811865476
6.95 0.0 0.0 0.0 0.0 0.0 0.7071067811865475 0.7071067811865476
6.96 0.0 0.0 0.0 0.0 0.0 0.7071067811865475 0.7071067811865476
409
0 0.7066556855071755 0.0 0.0 0.0 0.0 -0.7071067811865475 0.7071067811865476
0.016666666666666666 0.7066556855071755 0.0 0.0 0.0 0.0 -0.7071067811865475 0.7071067811865476
0.03333333333333333 0.7066556855071755 0.0 0.0 0.0 0.0 -0.7071067811865475 0.7071067811865476
0.05 0.7066556855071755 0.0 0.0 0.0 0.0 -0.7071067811865475 0.7071067811865476
0.06666666666666667 0.7066556855071755 0.0 0.0 0.0 0.0 -0.7071067811865475 0.7071067811865476
0.08333333333333333 0.7066556855071755 0.0 0.0 0.0 0.0 -0.7071067811865475 0.7071067811865476
0.1 0.7066556855071755 0.0 0.0 0.0 0.0 -0.7071067811865475 0.7071067811865476
0.11666666666666667 0.7066556855071755 0.0 0.0 0.0 0.0 -0.7071067811865475 0.7071067811865476
0.13333333333333333 0.7066556855071755 0.0 0.0 0.0 0.0 -0.7071067811865475 0.7071067811865476
0.15 0.7066556855071755 0.0 0.0 0.0 0.0 -0.7071067811865475 0.7071067811865476
0.16666666666666666 0.7066556855071755 0.0 0.0 0.0 0.0 -0.7071067811865475 0.7071067811865476
0.18333333333333332 0.7066556855071755 0.0 0.0 0.0 0.0 -0.7071067811865475 0.7071067811865476
0.2 0.7066556855071755 0.0 0.0 0.0 0.0 -0.7071067811865475 0.7071067811865476
0.21666666666666667 0.7066556855071755 0.0 0.0 0.0 0.0 -0.7071067811865475 0.7071067811865476
0.23333333333333334 0.7066556855071755 0.0 0.0 0.0 0.0 -0.7071067811865475 0.7071067811865476
0.25 0.7066556855071755 0.0 0.0 0.0 0.0 -0.7071067811865475 0.7071067811865476
0.26666666666666666 0.7066556855071755 0.0 0.0 0.0 0.0 -0.7071067811865475 0.7071067811865476
0.2833333333333333 0.7066556855071755 0.0 0.0 0.0 0.0 -0.7071067811865475 0.7071067811865476
0.3 0.7066556855071755 0.0 0.0 0.0 0.0 -0.7071067811865475 0.7071067811865476
0.31666666666666665 0.7066556855071755 0.0 0.0 0.0 0.0 -0.7071067811865475 0.7071067811865476
0.3333333333333333 0.7066556855071755 0.0 0.0 0.0 0.0 -0.7071067811865475 0.7071067811865476
0.35 0.7066556855071755 0.0 0.0 0.0 0.0 -0.7071067811865475 0.7071067811865476
0.36666666666666664 0.7066556855071755 0.0 0.0 0.0 0.0 -0.7071067811865475 0.7071067811865476
0.38333333333333336 0.7066556855071755 0.0 0.0 0.0 0.0 -0.7071067811865475 0.7071067811865476
0.4 0.7066556855071755 0.0 0.0 0.0 0.0 -0.7071067811865475 0.7071067811865476
0.4166666666666667 0.7066556855071755 0.0 0.0 0.0 0.0 -0.7071067811865475 0.7071067811865476
0.43333333333333335 0.7066556855071755 0.0 0.0 0.0 0.0 -0.7071067811865475 0.7071067811865476
0.45 0.7066556855071755 0.0 0.0 0.0 0.0 -0.7071067811865475 0.7071067811865476
0.4666666666666667 0.7066556855071755 0.0 0.0 0.0 0.0 -0.7071067811865475 0.7071067811865476
0.48333333333333334 0.7066556855071755 0.0 0.0 0.0 0.0 -0.7071067811865475 0.7071067811865476
0.5 0.7066556855071755 0.0 0.0 0.0 0.0 -0.7071067811865475 0.7071067811865476
0.5166666666666667 0.7066556855071755 0.0 0.0 0.0 0.0 -0.7071067811865475 0.7071067811865476
0.5333333333333333 0.7066556855071755 0.0 0.0 0.0 0.0 -0.7071067811865475 0.7071067811865476
0.55 0.7066556855071755 0.0 0.0 0.0 0.0 -0.7071067811865475 0.7071067811865476
0.5666666666666667 0.7066556855071755 0.0 0.0 0.0 0.0 -0.7071067811865475 0.7071067811865476
0.5833333333333334 0.7066556855071755 0.0 0.0 0.0 0.0 -0.7071067811865475 0.7071067811865476
0.6 0.7066556855071755 0.0 0.0 0.0 0.0 -0.7071067811865475 0.7071067811865476
0.6166666666666667 0.7066556855071755 0.0 0.0 0.0 0.0 -0.7071067811865475 0.7071067811865476
0.6333333333333333 0.7066556855071755 0.0 0.0 0.0 0.0 -0.7071067811865475 0.7071067811865476
0.65 0.7066556855071755 0.0 0.0 0.0 0.0 -0.7071067811865475 0.7071067811865476
0.6666666666666666 0.7066556855071755 0.0 0.0 0.0 0.0 -0.7071067811865475 0.7071067811865476
0.6833333333333333 0.7066556855071755 0.0 0.0 0.0 0.0 -0.7071067811865475 0.7071067811865476
0.7 0.7066556855071755 0.0 0.0 0.0 0.0 -0.7071067811865475 0.7071067811865476
0.7166666666666667 0.7066556855071755 0.0 0.0 0.0 0.0 -0.7071067811865475 0.7071067811865476
0.7333333333333333 0.7066556855071755 0.0 0.0 0.0 0.0 -0.7071067811865475 0.7071067811865476
0.75 0.7066556855071755 0.0 0.0 0.0 0.0 -0.7071067811865475 0.7071067811865476
0.7666666666666667 0.7066556855071755 0.0 0.0 0.0 0.0 -0.7071067811865475 0.7071067811865476
0.7833333333333333 0.7066556855071755 0.0 0.0 0.0 0.0 -0.7071067811865475 0.7071067811865476
0.8 0.7066556855071755 0.0 0.0 0.0 0.0 -0.7071067811865475 0.7071067811865476
0.8166666666666667 0.7066556855071755 0.0 0.0 0.0 0.0 -0.7071067811865475 0.7071067811865476
0.8333333333333334 0.7066556855071755 0.0 0.0 0.0 0.0 -0.7071067811865475 0.7071067811865476
0.85 0.7066556855071755 0.0 0.0 0.0 0.0 -0.7071067811865475 0.7071067811865476
0.8666666666666667 0.7066556855071755 0.0 0.0 0.0 0.0 -0.7071067811865475 0.7071067811865476
0.8833333333333333 0.7066556855071755 0.0 0.0 0.0 0.0 -0.7071067811865475 0.7071067811865476
0.9 0.7066556855071755 0.0 0.0 0.0 0.0 -0.7071067811865475 0.7071067811865476
0.9166666666666666 0.7066556855071755 0.0 0.0 0.0 0.0 -0.7071067811865475 0.7071067811865476
0.9333333333333333 0.7066556855071755 0.0 0.0 0.0 0.0 -0.7071067811865475 0.7071067811865476
0.95 0.7066556855071755 0.0 0.0 0.0 0.0 -0.7071067811865475 0.7071067811865476
0.9666666666666667 0.7066556855071755 0.0 0.0 0.0 0.0 -0.7071067811865475 0.7071067811865476
0.9833333333333333 0.7066556855071755 0.0 0.0 0.0 0.0 -0.7071067811865475 0.7071067811865476
1.0 0.7066556855071755 0.0 0.0 0.0 0.0 -0.7071067811865475 0.7071067811865476
1.0166666666666666 0.7066556855071755 0.0 0.0 0.0 0.0 -0.7071067811865475 0.7071067811865476
1.0333333333333334 0.7066556855071755 0.0 0.0 0.0 0.0 -0.7071067811865475 0.7071067811865476
1.05 0.7066556855071755 0.0 0.0 0.0 0.0 -0.7071067811865475 0.7071067811865476
1.0666666666666667 0.7066556855071755 0.0 0.0 0.0 0.0 -0.7071067811865475 0.7071067811865476
1.0833333333333333 0.7066556855071755 0.0 0.0 0.0 0.0 -0.7071067811865475 0.7071067811865476
1.1 0.7066556855071755 0.0 0.0 0.0 0.0 -0.7071067811865475 0.7071067811865476
1.1166666666666667 0.7066556855071755 0.0 0.0 0.0 0.0 -0.7071067811865475 0.7071067811865476
1.1333333333333333 0.7066556855071755 0.0 0.0 0.0 0.0 -0.7071067811865475 0.7071067811865476
1.15 0.7066556855071755 0.0 0.0 0.0 0.0 -0.7071067811865475 0.7071067811865476
1.1666666666666667 0.7066556855071755 0.0 0.0 0.0 0.0 -0.7071067811865475 0.7071067811865476
1.1833333333333333 0.7066556855071755 0.0 0.0 0.0 0.0 -0.7071067811865475 0.7071067811865476
1.2 0.7066556855071755 0.0 0.0 0.0 0.0 -0.7071067811865475 0.7071067811865476
1.2166666666666666 0.7066556855071755 0.0 0.0 0.0 0.0 -0.7071067811865475 0.7071067811865476
1.2333333333333334 0.7066556855071755 0.0 0.0 0.0 0.0 -0.7071067811865475 0.7071067811865476
1.25 0.7066556855071755 0.0 0.0 0.0 0.0 -0.7071067811865475 0.7071067811865476
1.2666666666666666 0.7066556855071755 0.0 0.0 0.0 0.0 -0.7071067811865475 0.7071067811865476
1.2833333333333334 0.7066556855071755 0.0 0.0 0.0 0.0 -0.7071067811865475 0.7071067811865476
1.3 0.7066556855071755 0.0 0.0 0.0 0.0 -0.7071067811865475 0.7071067811865476
1.3166666666666667 0.7066556855071755 0.0 0.0 0.0 0.0 -0.7071067811865475 0.7071067811865476
1.3333333333333333 0.7066556855071755 0.0 0.0 0.0 0.0 -0.7071067811865475 0.7071067811865476
1.35 0.7066556855071755 0.0 0.0 0.0 0.0 -0.7071067811865475 0.7071067811865476
1.3666666666666667 0.7066556855071755 0.0 0.0 0.0 0.0 -0.7071067811865475 0.7071067811865476
1.3833333333333333 0.7066556855071755 0.0 0.0 0.0 0.0 -0.7071067811865475 0.7071067811865476
1.4 0.7066556855071755 0.0 0.0 0.0 0.0 -0.7071067811865475 0.7071067811865476
1.4166666666666667 0.7066556855071755 0.0 0.0 0.0 0.0 -0.7071067811865475 0.7071067811865476
1.4333333333333333 0.7066556855071755 0.0 0.0 0.0 0.0 -0.7071067811865475 0.7071067811865476
1.45 0.7066556855071755 0.0 0.0 0.0 0.0 -0.7071067811865475 0.7071067811865476
1.4666666666666666 0.7066556855071755 0.0 0.0 0.0 0.0 -0.7071067811865475 0.7071067811865476
1.4833333333333334 0.7066556855071755 0.0 0.0 0.0 0.0 -0.7071067811865475 0.7071067811865476
1.5 0.7066556855071755 0.0 0.0 0.0 0.0 -0.7071067811865475 0.7071067811865476
1.5166666666666666 0.7066556855071755 0.0 0.0 0.0 0.0 -0.7071067811865475 0.7071067811865476
1.5333333333333334 0.7066556855071755 0.0 0.0 0.0 0.0 -0.7071067811865475 0.7071067811865476
1.55 0.7066556855071755 0.0 0.0 0.0 0.0 -0.7071067811865475 0.7071067811865476
1.5666666666666667 0.7066556855071755 0.0 0.0 0.0 0.0 -0.7071067811865475 0.7071067811865476
1.5833333333333333 0.7066556855071755 0.0 0.0 0.0 0.0 -0.7071067811865475 0.7071067811865476
1.6 0.7066556855071755 0.0 0.0 0.0 0.0 -0.7071067811865475 0.7071067811865476
1.6166666666666667 0.7066556855071755 0.0 0.0 0.0 0.0 -0.7071067811865475 0.7071067811865476
1.6333333333333333 0.7066556855071755 0.0 0.0 0.0 0.0 -0.7071067811865475 0.7071067811865476
1.65 0.7066556855071755 0.0 0.0 0.0 0.0 -0.7071067811865475 0.7071067811865476
1.6666666666666667 0.7066556855071755 0.0 0.0 0.0 0.0 -0.7071067811865475 0.7071067811865476
1.6833333333333333 0.7066556855071755 0.0 0.0 0.0 0.0 -0.7071067811865475 0.7071067811865476
1.7 0.7066556855071755 0.0 0.0 0.0 0.0 -0.7071067811865475 0.7071067811865476
1.7166666666666666 0.7066556855071755 0.0 0.0 0.0 0.0 -0.7071067811865475 0.7071067811865476
1.7333333333333334 0.7066556855071755 0.0 0.0 0.0 0.0 -0.7071067811865475 0.7071067811865476
1.75 0.7066556855071755 0.0 0.0 0.0 0.0 -0.7071067811865475 0.7071067811865476
1.7666666666666666 0.7066556855071755 0.0 0.0 0.0 0.0 -0.7071067811865475 0.7071067811865476
1.7833333333333334 0.7066556855071755 0.0 0.0 0.0 0.0 -0.7071067811865475 0.7071067811865476
1.8 0.7066556855071755 0.0 0.0 0.0 0.0 -0.7071067811865475 0.7071067811865476
1.8166666666666667 0.7066556855071755 0.0 0.0 0.0 0.0 -0.7071067811865475 0.7071067811865476
1.8333333333333333 0.7066556855071755 0.0 0.0 0.0 0.0 -0.7071067811865475 0.7071067811865476
1.85 0.7066556855071755 0.0 0.0 0.0 0.0 -0.7071067811865475 0.7071067811865476
1.8666666666666667 0.7066556855071755 0.0 0.0 0.0 0.0 -0.7071067811865475 0.7071067811865476
1.8833333333333333 0.7066556855071755 0.0 0.0 0.0 0.0 -0.7071067811865475 0.7071067811865476
1.9 0.7066556855071755 0.0 0.0 0.0 0.0 -0.7071067811865475 0.7071067811865476
1.9166666666666667 0.7066556855071755 0.0 0.0 0.0 0.0 -0.7071067811865475 0.7071067811865476
1.9333333333333333 0.7066556855071755 0.0 0.0 0.0 0.0 -0.7071067811865475 0.7071067811865476
1.95 0.7066556855071755 0.0 0.0 0.0 0.0 -0.7071067811865475 0.7071067811865476
1.9666666666666666 0.7066556855071755 0.0 0.0 0.0 0.0 -0.7071067811865475 0.7071067811865476
1.9833333333333334 0.7066556855071755 0.0 0.0 0.0 0.0 -0.7071067811865475 0.7071067811865476
2.0 0.7066556855071755 0.0 0.0 0.0 0.0 -0.7071067811865475 0.7071067811865476
2.0166666666666666 0.7066556855071755 0.0 0.0 0.0 0.0 -0.7071067811865475 0.7071067811865476
2.033333333333333 0.7066556855071755 0.0 0.0 0.0 0.0 -0.7071067811865475 0.7071067811865476
2.05 0.7066556855071755 0.0 0.0 0.0 0.0 -0.7071067811865475 0.7071067811865476
2.066666666666667 0.7066556855071755 0.0 0.0 0.0 0.0 -0.7071067811865475 0.7071067811865476
2.0833333333333335 0.7066556855071755 0.0 0.0 0.0 0.0 -0.7071067811865475 0.7071067811865476
2.1 0.7066556855071755 0.0 0.0 0.0 0.0 -0.7071067811865475 0.7071067811865476
2.1166666666666667 0.7066556855071755 0.0 0.0 0.0 0.0 -0.7071067811865475 0.7071067811865476
2.1333333333333333 0.7066556855071755 0.0 0.0 0.0 0.0 -0.7071067811865475 0.7071067811865476
2.15 0.7066556855071755 0.0 0.0 0.0 0.0 -0.7071067811865475 0.7071067811865476
2.1666666666666665 0.7066556855071755 0.0 0.0 0.0 0.0 -0.7071067811865475 0.7071067811865476
2.183333333333333 0.7066556855071755 0.0 0.0 0.0 0.0 -0.7071067811865475 0.7071067811865476
2.2 0.7066556855071755 0.0 0.0 0.0 0.0 -0.7071067811865475 0.7071067811865476
2.216666666666667 0.7066556855071755 0.0 0.0 0.0 0.0 -0.7071067811865475 0.7071067811865476
2.2333333333333334 0.7066556855071755 0.0 0.0 0.0 0.0 -0.7071067811865475 0.7071067811865476
2.25 0.7066556855071755 0.0 0.0 0.0 0.0 -0.7071067811865475 0.7071067811865476
2.2666666666666666 0.7066556855071755 0.0 0.0 0.0 0.0 -0.7071067811865475 0.7071067811865476
2.283333333333333 0.7066556855071755 0.0 0.0 0.0 0.0 -0.7071067811865475 0.7071067811865476
2.3 0.7066556855071755 0.0 0.0 0.0 0.0 -0.7071067811865475 0.7071067811865476
2.316666666666667 0.7066556855071755 0.0 0.0 0.0 0.0 -0.7071067811865475 0.7071067811865476
2.3333333333333335 0.7066556855071755 0.0 0.0 0.0 0.0 -0.7071067811865475 0.7071067811865476
2.35 0.7066556855071755 0.0 0.0 0.0 0.0 -0.7071067811865475 0.7071067811865476
2.3666666666666667 0.7066556855071755 0.0 0.0 0.0 0.0 -0.7071067811865475 0.7071067811865476
2.3833333333333333 0.7066556855071755 0.0 0.0 0.0 0.0 -0.7071067811865475 0.7071067811865476
2.4 0.7066556855071755 0.0 0.0 0.0 0.0 -0.7071067811865475 0.7071067811865476
2.4166666666666665 0.7066556855071755 0.0 0.0 0.0 0.0 -0.7071067811865475 0.7071067811865476
2.433333333333333 0.7066556855071755 0.0 0.0 0.0 0.0 -0.7071067811865475 0.7071067811865476
2.45 0.7066556855071755 0.0 0.0 0.0 0.0 -0.7071067811865475 0.7071067811865476
2.466666666666667 0.7066556855071755 0.0 0.0 0.0 0.0 -0.7071067811865475 0.7071067811865476
2.4833333333333334 0.7066556855071755 0.0 0.0 0.0 0.0 -0.7071067811865475 0.7071067811865476
2.5 0.7066556855071755 0.0 0.0 0.0 0.0 -0.7071067811865475 0.7071067811865476
2.5166666666666666 0.7066556855071755 0.0 0.0 0.0 0.0 -0.7071067811865475 0.7071067811865476
2.533333333333333 0.7066556855071755 0.0 0.0 0.0 0.0 -0.7071067811865475 0.7071067811865476
2.55 0.7066556855071755 0.0 0.0 0.0 0.0 -0.7071067811865475 0.7071067811865476
2.566666666666667 0.7066556855071755 0.0 0.0 0.0 0.0 -0.7071067811865475 0.7071067811865476
2.5833333333333335 0.7066556855071755 0.0 0.0 0.0 0.0 -0.7071067811865475 0.7071067811865476
2.6 0.7066556855071755 0.0 0.0 0.0 0.0 -0.7071067811865475 0.7071067811865476
2.6166666666666667 0.7066556855071755 0.0 0.0 0.0 0.0 -0.7071067811865475 0.7071067811865476
2.6333333333333333 0.7066556855071755 0.0 0.0 0.0 0.0 -0.7071067811865475 0.7071067811865476
2.65 0.7066556855071755 0.0 0.0 0.0 0.0 -0.7071067811865475 0.7071067811865476
2.6666666666666665 0.7066556855071755 0.0 0.0 0.0 0.0 -0.7071067811865475 0.7071067811865476
2.683333333333333 0.7066556855071755 0.0 0.0 0.0 0.0 -0.7071067811865475 0.7071067811865476
2.7 0.7066556855071755 0.0 0.0 0.0 0.0 -0.7071067811865475 0.7071067811865476
2.716666666666667 0.7066556855071755 0.0 0.0 0.0 0.0 -0.7071067811865475 0.7071067811865476
2.7333333333333334 0.7066556855071755 0.0 0.0 0.0 0.0 -0.7071067811865475 0.7071067811865476
2.75 0.7066556855071755 0.0 0.0 0.0 0.0 -0.7071067811865475 0.7071067811865476
2.7666666666666666 0.7066556855071755 0.0 0.0 0.0 0.0 -0.7071067811865475 0.7071067811865476
2.783333333333333 0.7066556855071755 0.0 0.0 0.0 0.0 -0.7071067811865475 0.7071067811865476
2.8 0.7066556855071755 0.0 0.0 0.0 0.0 -0.7071067811865475 0.7071067811865476
2.816666666666667 0.7066556855071755 0.0 0.0 0.0 0.0 -0.7071067811865475 0.7071067811865476
2.8333333333333335 0.7066556855071755 0.0 0.0 0.0 0.0 -0.7071067811865475 0.7071067811865476
2.85 0.7066556855071755 0.0 0.0 0.0 0.0 -0.7071067811865475 0.7071067811865476
2.8666666666666667 0.7066556855071755 0.0 0.0 0.0 0.0 -0.7071067811865475 0.7071067811865476
2.8833333333333333 0.7066556855071755 0.0 0.0 0.0 0.0 -0.7071067811865475 0.7071067811865476
2.9 0.7066556855071755 0.0 0.0 0.0 0.0 -0.7071067811865475 0.7071067811865476
2.9166666666666665 0.7066556855071755 0.0 0.0 0.0 0.0 -0.7071067811865475 0.7071067811865476
2.933333333333333 0.7066556855071755 0.0 0.0 0.0 0.0 -0.7071067811865475 0.7071067811865476
2.95 0.7066556855071755 0.0 0.0 0.0 0.0 -0.7071067811865475 0.7071067811865476
2.966666666666667 0.7066556855071755 0.0 0.0 0.0 0.0 -0.7071067811865475 0.7071067811865476
2.9833333333333334 0.7066556855071755 0.0 0.0 0.0 0.0 -0.7071067811865475 0.7071067811865476
3.0 0.7066556855071755 0.0 0.0 0.0 0.0 -0.7071067811865475 0.7071067811865476
3.0166666666666666 0.7066556855071755 0.0 0.0 0.0 0.0 -0.7071067811865475 0.7071067811865476
3.033333333333333 0.7066556855071755 0.0 0.0 0.0 0.0 -0.7071067811865475 0.7071067811865476
3.05 0.7066556855071755 0.0 0.0 0.0 0.0 -0.7071067811865475 0.7071067811865476
3.066666666666667 0.7066556855071755 0.0 0.0 0.0 0.0 -0.7071067811865475 0.7071067811865476
3.0833333333333335 0.7066556855071755 0.0 0.0 0.0 0.0 -0.7071067811865475 0.7071067811865476
3.1 0.7066556855071755 0.0 0.0 0.0 0.0 -0.7071067811865475 0.7071067811865476
3.1166666666666667 0.7066556855071755 0.0 0.0 0.0 0.0 -0.7071067811865475 0.7071067811865476
3.1333333333333333 0.7066556855071755 0.0 0.0 0.0 0.0 -0.7071067811865475 0.7071067811865476
3.15 0.7066556855071755 0.0 0.0 0.0 0.0 -0.7071067811865475 0.7071067811865476
3.1666666666666665 0.7066556855071755 0.0 0.0 0.0 0.0 -0.7071067811865475 0.7071067811865476
3.183333333333333 0.7066556855071755 0.0 0.0 0.0 0.0 -0.7071067811865475 0.7071067811865476
3.2 0.7066556855071755 0.0 0.0 0.0 0.0 -0.7071067811865475 0.7071067811865476
3.216666666666667 0.7066556855071755 0.0 0.0 0.0 0.0 -0.7071067811865475 0.7071067811865476
3.2333333333333334 0.7066556855071755 0.0 0.0 0.0 0.0 -0.7071067811865475 0.7071067811865476
3.25 0.7066556855071755 0.0 0.0 0.0 0.0 -0.7071067811865475 0.7071067811865476
3.2666666666666666 0.7066556855071755 0.0 0.0 0.0 0.0 -0.7071067811865475 0.7071067811865476
3.283333333333333 0.7066556855071755 0.0 0.0 0.0 0.0 -0.7071067811865475 0.7071067811865476
3.3 0.7066556855071755 0.0 0.0 0.0 0.0 -0.7071067811865475 0.7071067811865476
3.316666666666667 0.7066556855071755 0.0 0.0 0.0 0.0 -0.7071067811865475 0.7071067811865476
3.3333333333333335 0.7066556855071755 0.0 0.0 0.0 0.0 -0.7071067811865475 0.7071067811865476
3.35 0.7066556855071755 0.0 0.0 0.0 0.0 -0.7071067811865475 0.7071067811865476
3.3666666666666667 0.7066556855071755 0.0 0.0 0.0 0.0 -0.7071067811865475 0.7071067811865476
3.3833333333333333 0.7066556855071755 0.0 0.0 0.0 0.0 -0.7071067811865475 0.7071067811865476
3.4 0.7066556855071755 0.0 0.0 0.0 0.0 -0.7071067811865475 0.7071067811865476
3.4166666666666665 0.7066556855071755 0.0 0.0 0.0 0.0 -0.7071067811865475 0.7071067811865476
3.433333333333333 0.7066556855071755 0.0 0.0 0.0 0.0 -0.7071067811865475 0.7071067811865476
3.45 0.7066556855071755 0.0 0.0 0.0 0.0 -0.7071067811865475 0.7071067811865476
3.466666666666667 0.7066556855071755 0.0 0.0 0.0 0.0 -0.7071067811865475 0.7071067811865476
3.4833333333333334 0.7066556855071755 0.0 0.0 0.0 0.0 -0.7071067811865475 0.7071067811865476
3.5 0.7066556855071755 0.0 0.0 0.0 0.0 -0.7071067811865475 0.7071067811865476
3.5166666666666666 0.7066556855071755 0.0 0.0 0.0 0.0 -0.7071067811865475 0.7071067811865476
3.533333333333333 0.7066556855071755 0.0 0.0 0.0 0.0 -0.7071067811865475 0.7071067811865476
3.55 0.7066556855071755 0.0 0.0 0.0 0.0 -0.7071067811865475 0.7071067811865476
3.566666666666667 0.7066556855071755 0.0 0.0 0.0 0.0 -0.7071067811865475 0.7071067811865476
3.5833333333333335 0.7066556855071755 0.0 0.0 0.0 0.0 -0.7071067811865475 0.7071067811865476
3.6 0.7066556855071755 0.0 0.0 0.0 0.0 -0.7071067811865475 0.7071067811865476
3.6166666666666667 0.7066556855071755 0.0 0.0 0.0 0.0 -0.7071067811865475 0.7071067811865476
3.6333333333333333 0.7066556855071755 0.0 0.0 0.0 0.0 -0.7071067811865475 0.7071067811865476
3.65 0.7066556855071755 0.0 0.0 0.0 0.0 -0.7071067811865475 0.7071067811865476
3.6666666666666665 0.7066556855071755 0.0 0.0 0.0 0.0 -0.7071067811865475 0.7071067811865476
3.683333333333333 0.7066556855071755 0.0 0.0 0.0 0.0 -0.7071067811865475 0.7071067811865476
3.7 0.7066556855071755 0.0 0.0 0.0 0.0 -0.7071067811865475 0.7071067811865476
3.716666666666667 0.7066556855071755 0.0 0.0 0.0 0.0 -0.7071067811865475 0.7071067811865476
3.7333333333333334 0.7066556855071755 0.0 0.0 0.0 0.0 -0.7071067811865475 0.7071067811865476
3.75 0.7066556855071755 0.0 0.0 0.0 0.0 -0.7071067811865475 0.7071067811865476
3.7666666666666666 0.7066556855071755 0.0 0.0 0.0 0.0 -0.7071067811865475 0.7071067811865476
3.783333333333333 0.7066556855071755 0.0 0.0 0.0 0.0 -0.7071067811865475 0.7071067811865476
3.8 0.7066556855071755 0.0 0.0 0.0 0.0 -0.7071067811865475 0.7071067811865476
3.816666666666667 0.7066556855071755 0.0 0.0 0.0 0.0 -0.7071067811865475 0.7071067811865476
3.8333333333333335 0.7066556855071755 0.0 0.0 0.0 0.0 -0.7071067811865475 0.7071067811865476
3.85 0.7066556855071755 0.0 0.0 0.0 0.0 -0.7071067811865475 0.7071067811865476
3.8666666666666667 0.7066556855071755 0.0 0.0 0.0 0.0 -0.7071067811865475 0.7071067811865476
3.8833333333333333 0.7066556855071755 0.0 0.0 0.0 0.0 -0.7071067811865475 0.7071067811865476
3.9 0.7066556855071755 0.0 0.0 0.0 0.0 -0.7071067811865475 0.7071067811865476
3.9166666666666665 0.7066556855071755 0.0 0.0 0.0 0.0 -0.7071067811865475 0.7071067811865476
3.933333333333333 0.7066556855071755 0.0 0.0 0.0 0.0 -0.7071067811865475 0.7071067811865476
3.95 0.7066556855071755 0.0 0.0 0.0 0.0 -0.7071067811865475 0.7071067811865476
3.966666666666667 0.7066556855071755 0.0 0.0 0.0 0.0 -0.7071067811865475 0.7071067811865476
3.9833333333333334 0.7066556855071755 0.0 0.0 0.0 0.0 -0.7071067811865475 0.7071067811865476
4.0 0.7066556855071755 0.0 0.0 0.0 0.0 -0.7071067811865475 0.7071067811865476
4.016666666666667 0.7066556855071755 0.0 0.0 0.0 0.0 -0.7071067811865475 0.7071067811865476
4.033333333333333 0.7066556855071755 0.0 0.0 0.0 0.0 -0.7071067811865475 0.7071067811865476
4.05 0.7066556855071755 0.0 0.0 0.0 0.0 -0.7071067811865475 0.7071067811865476
4.066666666666666 0.7066556855071755 0.0 0.0 0.0 0.0 -0.7071067811865475 0.7071067811865476
4.083333333333333 0.7066556855071755 0.0 0.0 0.0 0.0 -0.7071067811865475 0.7071067811865476
4.1 0.7066556855071755 0.0 0.0 0.0 0.0 -0.7071067811865475 0.7071067811865476
4.116666666666666 0.7066556855071755 0.0 0.0 0.0 0.0 -0.7071067811865475 0.7071067811865476
4.133333333333334 0.7066556855071755 0.0 0.0 0.0 0.0 -0.7071067811865475 0.7071067811865476
4.15 0.7066556855071755 0.0 0.0 0.0 0.0 -0.7071067811865475 0.7071067811865476
4.166666666666667 0.7066556855071755 0.0 0.0 0.0 0.0 -0.7071067811865475 0.7071067811865476
4.183333333333334 0.7066556855071755 0.0 0.0 0.0 0.0 -0.7071067811865475 0.7071067811865476
4.2 0.7066556855071755 0.0 0.0 0.0 0.0 -0.7071067811865475 0.7071067811865476
4.216666666666667 0.7066556855071755 0.0 0.0 0.0 0.0 -0.7071067811865475 0.7071067811865476
4.233333333333333 0.7066556855071755 0.0 0.0 0.0 0.0 -0.7071067811865475 0.7071067811865476
4.25 0.7066556855071755 0.0 0.0 0.0 0.0 -0.7071067811865475 0.7071067811865476
4.266666666666667 0.7066556855071755 0.0 0.0 0.0 0.0 -0.7071067811865475 0.7071067811865476
4.283333333333333 0.7066556855071755 0.0 0.0 0.0 0.0 -0.7071067811865475 0.7071067811865476
4.3 0.7066556855071755 0.0 0.0 0.0 0.0 -0.7071067811865475 0.7071067811865476
4.316666666666666 0.7066556855071755 0.0 0.0 0.0 0.0 -0.7071067811865475 0.7071067811865476
4.333333333333333 0.7066556855071755 0.0 0.0 0.0 0.0 -0.7071067811865475 0.7071067811865476
4.35 0.7066556855071755 0.0 0.0 0.0 0.0 -0.7071067811865475 0.7071067811865476
4.366666666666666 0.7066556855071755 0.0 0.0 0.0 0.0 -0.7071067811865475 0.7071067811865476
4.383333333333334 0.7066556855071755 0.0 0.0 0.0 0.0 -0.7071067811865475 0.7071067811865476
4.4 0.7066556855071755 0.0 0.0 0.0 0.0 -0.7071067811865475 0.7071067811865476
4.416666666666667 0.7066556855071755 0.0 0.0 0.0 0.0 -0.7071067811865475 0.7071067811865476
4.433333333333334 0.7066556855071755 0.0 0.0 0.0 0.0 -0.7071067811865475 0.7071067811865476
4.45 0.7066556855071755 0.0 0.0 0.0 0.0 -0.7071067811865475 0.7071067811865476
4.466666666666667 0.7066556855071755 0.0 0.0 0.0 0.0 -0.7071067811865475 0.7071067811865476
4.483333333333333 0.7066556855071755 0.0 0.0 0.0 0.0 -0.7071067811865475 0.7071067811865476
4.5 0.7066556855071755 0.0 0.0 0.0 0.0 -0.7071067811865475 0.7071067811865476
4.516666666666667 0.7066556855071755 0.0 0.0 0.0 0.0 -0.7071067811865475 0.7071067811865476
4.533333333333333 0.7066556855071755 0.0 0.0 0.0 0.0 -0.7071067811865475 0.7071067811865476
4.55 0.7066556855071755 0.0 0.0 0.0 0.0 -0.7071067811865475 0.7071067811865476
4.566666666666666 0.7066556855071755 0.0 0.0 0.0 0.0 -0.7071067811865475 0.7071067811865476
4.583333333333333 0.7066556855071755 0.0 0.0 0.0 0.0 -0.7071067811865475 0.7071067811865476
4.6 0.7066556855071755 0.0 0.0 0.0 0.0 -0.7071067811865475 0.7071067811865476
4.616666666666666 0.7066556855071755 0.0 0.0 0.0 0.0 -0.7071067811865475 0.7071067811865476
4.633333333333334 0.7066556855071755 0.0 0.0 0.0 0.0 -0.7071067811865475 0.7071067811865476
4.65 0.7066556855071755 0.0 0.0 0.0 0.0 -0.7071067811865475 0.7071067811865476
4.666666666666667 0.7066556855071755 0.0 0.0 0.0 0.0 -0.7071067811865475 0.7071067811865476
4.683333333333334 0.7066556855071755 0.0 0.0 0.0 0.0 -0.7071067811865475 0.7071067811865476
4.7 0.7066556855071755 0.0 0.0 0.0 0.0 -0.7071067811865475 0.7071067811865476
4.716666666666667 0.7066556855071755 0.0 0.0 0.0 0.0 -0.7071067811865475 0.7071067811865476
4.733333333333333 0.7066556855071755 0.0 0.0 0.0 0.0 -0.7071067811865475 0.7071067811865476
4.75 0.7066556855071755 0.0 0.0 0.0 0.0 -0.7071067811865475 0.7071067811865476
4.766666666666667 0.7066556855071755 0.0 0.0 0.0 0.0 -0.7071067811865475 0.7071067811865476
4.783333333333333 0.7066556855071755 0.0 0.0 0.0 0.0 -0.7071067811865475 0.7071067811865476
4.8 0.7066556855071755 0.0 0.0 0.0 0.0 -0.7071067811865475 0.7071067811865476
4.816666666666666 0.7066556855071755 0.0 0.0 0.0 0.0 -0.7071067811865475 0.7071067811865476
4.833333333333333 0.7066556855071755 0.0 0.0 0.0 0.0 -0.7071067811865475 0.7071067811865476
4.85 0.7066556855071755 0.0 0.0 0.0 0.0 -0.7071067811865475 0.7071067811865476
4.866666666666666 0.7066556855071755 0.0 0.0 0.0 0.0 -0.7071067811865475 0.7071067811865476
4.883333333333334 0.7066556855071755 0.0 0.0 0.0 0.0 -0.7071067811865475 0.7071067811865476
4.9 0.7066556855071755 0.0 0.0 0.0 0.0 -0.7071067811865475 0.7071067811865476
4.916666666666667 0.7066556855071755 0.0 0.0 0.0 0.0 -0.7071067811865475 0.7071067811865476
4.933333333333334 0.7066556855071755 0.0 0.0 0.0 0.0 -0.7071067811865475 0.7071067811865476
4.95 0.7066556855071755 0.0 0.0 0.0 0.0 -0.7071067811865475 0.7071067811865476
4.966666666666667 0.7066556855071755 0.0 0.0 0.0 0.0 -0.7071067811865475 0.7071067811865476
4.983333333333333 0.7066556855071755 0.0 0.0 0.0 0.0 -0.7071067811865475 0.7071067811865476
5.0 0.7066556855071755 0.0 0.0 0.0 0.0 -0.7071067811865475 0.7071067811865476
5.016666666666667 0.7066556855071755 0.0 0.0 0.0 0.0 -0.7071067811865475 0.7071067811865476
5.033333333333333 0.7066556855071755 0.0 0.0 0.0 0.0 -0.7071067811865475 0.7071067811865476
5.05 0.7066556855071755 0.0 0.0 0.0 0.0 -0.7071067811865475 0.7071067811865476
5.066666666666666 0.7066556855071755 0.0 0.0 0.0 0.0 -0.7071067811865475 0.7071067811865476
5.083333333333333 0.7066556855071755 0.0 0.0 0.0 0.0 -0.7071067811865475 0.7071067811865476
5.1 0.7066556855071755 0.0 0.0 0.0 0.0 -0.7071067811865475 0.7071067811865476
5.116666666666666 0.7066556855071755 0.0 0.0 0.0 0.0 -0.7071067811865475 0.7071067811865476
5.133333333333334 0.7066556855071755 0.0 0.0 0.0 0.0 -0.7071067811865475 0.7071067811865476
5.15 0.7066556855071755 0.0 0.0 0.0 0.0 -0.7071067811865475 0.7071067811865476
5.166666666666667 0.7066556855071755 0.0 0.0 0.0 0.0 -0.7071067811865475 0.7071067811865476
5.183333333333334 0.7066556855071755 0.0 0.0 0.0 0.0 -0.7071067811865475 0.7071067811865476
5.2 0.7066556855071755 0.0 0.0 0.0 0.0 -0.7071067811865475 0.7071067811865476
5.216666666666667 0.7066556855071755 0.0 0.0 0.0 0.0 -0.7071067811865475 0.7071067811865476
5.233333333333333 0.7066556855071755 0.0 0.0 0.0 0.0 -0.7071067811865475 0.7071067811865476
5.25 0.7066556855071755 0.0 0.0 0.0 0.0 -0.7071067811865475 0.7071067811865476
5.266666666666667 0.7066556855071755 0.0 0.0 0.0 0.0 -0.7071067811865475 0.7071067811865476
5.283333333333333 0.7066556855071755 0.0 0.0 0.0 0.0 -0.7071067811865475 0.7071067811865476
5.3 0.7066556855071755 0.0 0.0 0.0 0.0 -0.7071067811865475 0.7071067811865476
5.316666666666666 0.7066556855071755 0.0 0.0 0.0 0.0 -0.7071067811865475 0.7071067811865476
5.333333333333333 0.7066556855071755 0.0 0.0 0.0 0.0 -0.7071067811865475 0.7071067811865476
5.35 0.7066556855071755 0.0 0.0 0.0 0.0 -0.7071067811865475 0.7071067811865476
5.366666666666666 0.7066556855071755 0.0 0.0 0.0 0.0 -0.7071067811865475 0.7071067811865476
5.383333333333334 0.7066556855071755 0.0 0.0 0.0 0.0 -0.7071067811865475 0.7071067811865476
5.4 0.7066556855071755 0.0 0.0 0.0 0.0 -0.7071067811865475 0.7071067811865476
5.416666666666667 0.7066556855071755 0.0 0.0 0.0 0.0 -0.7071067811865475 0.7071067811865476
5.433333333333334 0.7066556855071755 0.0 0.0 0.0 0.0 -0.7071067811865475 0.7071067811865476
5.45 0.7066556855071755 0.0 0.0 0.0 0.0 -0.7071067811865475 0.7071067811865476
5.466666666666667 0.7066556855071755 0.0 0.0 0.0 0.0 -0.7071067811865475 0.7071067811865476
5.483333333333333 0.7066556855071755 0.0 0.0 0.0 0.0 -0.7071067811865475 0.7071067811865476
5.5 0.7066556855071755 0.0 0.0 0.0 0.0 -0.7071067811865475 0.7071067811865476
5.516666666666667 0.7066556855071755 0.0 0.0 0.0 0.0 -0.7071067811865475 0.7071067811865476
5.533333333333333 0.7066556855071755 0.0 0.0 0.0 0.0 -0.7071067811865475 0.7071067811865476
5.55 0.7066556855071755 0.0 0.0 0.0 0.0 -0.7071067811865475 0.7071067811865476
5.566666666666666 0.7066556855071755 0.0 0.0 0.0 0.0 -0.7071067811865475 0.7071067811865476
5.583333333333333 0.7066556855071755 0.0 0.0 0.0 0.0 -0.7071067811865475 0.7071067811865476
5.6 0.7066556855071755 0.0 0.0 0.0 0.0 -0.7071067811865475 0.7071067811865476
5.616666666666666 0.7066556855071755 0.0 0.0 0.0 0.0 -0.7071067811865475 0.7071067811865476
5.633333333333334 0.7066556855071755 0.0 0.0 0.0 0.0 -0.7071067811865475 0.7071067811865476
5.65 0.7066556855071755 0.0 0.0 0.0 0.0 -0.7071067811865475 0.7071067811865476
5.666666666666667 0.7066556855071755 0.0 0.0 0.0 0.0 -0.7071067811865475 0.7071067811865476
5.683333333333334 0.7066556855071755 0.0 0.0 0.0 0.0 -0.7071067811865475 0.7071067811865476
5.7 0.7066556855071755 0.0 0.0 0.0 0.0 -0.7071067811865475 0.7071067811865476
5.716666666666667 0.7066556855071755 0.0 0.0 0.0 0.0 -0.7071067811865475 0.7071067811865476
5.733333333333333 0.7066556855071755 0.0 0.0 0.0 0.0 -0.7071067811865475 0.7071067811865476
5.75 0.7066556855071755 0.0 0.0 0.0 0.0 -0.7071067811865475 0.7071067811865476
5.766666666666667 0.7066556855071755 0.0 0.0 0.0 0.0 -0.7071067811865475 0.7071067811865476
5.783333333333333 0.7066556855071755 0.0 0.0 0.0 0.0 -0.7071067811865475 0.7071067811865476
5.8 0.7066556855071755 0.0 0.0 0.0 0.0 -0.7071067811865475 0.7071067811865476
5.816666666666666 0.7066556855071755 0.0 0.0 0.0 0.0 -0.7071067811865475 0.7071067811865476
5.833333333333333 0.7066556855071755 0.0 0.0 0.0 0.0 -0.7071067811865475 0.7071067811865476
5.85 0.7066556855071755 0.0 0.0 0.0 0.0 -0.7071067811865475 0.7071067811865476
5.866666666666666 0.7066556855071755 0.0 0.0 0.0 0.0 -0.7071067811865475 0.7071067811865476
5.883333333333334 0.7066556855071755 0.0 0.0 0.0 0.0 -0.7071067811865475 0.7071067811865476
5.9 0.7066556855071755 0.0 0.0 0.0 0.0 -0.7071067811865475 0.7071067811865476
5.916666666666667 0.7066556855071755 0.0 0.0 0.0 0.0 -0.7071067811865475 0.7071067811865476
5.933333333333334 0.7066556855071755 0.0 0.0 0.0 0.0 -0.7071067811865475 0.7071067811865476
5.95 0.7066556855071755 0.0 0.0 0.0 0.0 -0.7071067811865475 0.7071067811865476
5.966666666666667 0.7066556855071755 0.0 0.0 0.0 0.0 -0.7071067811865475 0.7071067811865476
5.983333333333333 0.7066556855071755 0.0 0.0 0.0 0.0 -0.7071067811865475 0.7071067811865476
6.0 0.7066556855071755 0.0 0.0 0.0 0.0 -0.7071067811865475 0.7071067811865476
6.016666666666667 0.7066556855071755 0.0 0.0 0.0 0.0 -0.7071067811865475 0.7071067811865476
6.033333333333333 0.7066556855071755 0.0 0.0 0.0 0.0 -0.7071067811865475 0.7071067811865476
6.05 0.7066556855071755 0.0 0.0 0.0 0.0 -0.7071067811865475 0.7071067811865476
6.066666666666666 0.7066556855071755 0.0 0.0 0.0 0.0 -0.7071067811865475 0.7071067811865476
6.083333333333333 0.7066556855071755 0.0 0.0 0.0 0.0 -0.7071067811865475 0.7071067811865476
6.1 0.7066556855071755 0.0 0.0 0.0 0.0 -0.7071067811865475 0.7071067811865476
6.116666666666666 0.7066556855071755 0.0 0.0 0.0 0.0 -0.7071067811865475 0.7071067811865476
6.133333333333334 0.7066556855071755 0.0 0.0 0.0 0.0 -0.7071067811865475 0.7071067811865476
6.15 0.7066556855071755 0.0 0.0 0.0 0.0 -0.7071067811865475 0.7071067811865476
6.166666666666667 0.7066556855071755 0.0 0.0 0.0 0.0 -0.7071067811865475 0.7071067811865476
6.183333333333334 0.7066556855071755 0.0 0.0 0.0 0.0 -0.7071067811865475 0.7071067811865476
6.2 0.7066556855071755 0.0 0.0 0.0 0.0 -0.7071067811865475 0.7071067811865476
6.216666666666667 0.7066556855071755 0.0 0.0 0.0 0.0 -0.7071067811865475 0.7071067811865476
6.233333333333333 0.7066556855071755 0.0 0.0 0.0 0.0 -0.7071067811865475 0.7071067811865476
6.25 0.7066556855071755 0.0 0.0 0.0 0.0 -0.7071067811865475 0.7071067811865476
6.266666666666667 0.7066556855071755 0.0 0.0 0.0 0.0 -0.7071067811865475 0.7071067811865476
6.283333333333333 0.7066556855071755 0.0 0.0 0.0 0.0 -0.7071067811865475 0.7071067811865476
6.3 0.7066556855071755 0.0 0.0 0.0 0.0 -0.7071067811865475 0.7071067811865476
6.316666666666666 0.7066556855071755 0.0 0.0 0.0 0.0 -0.7071067811865475 0.7071067811865476
6.333333333333333 0.7066556855071755 0.0 0.0 0.0 0.0 -0.7071067811865475 0.7071067811865476
6.35 0.7066556855071755 0.0 0.0 0.0 0.0 -0.7071067811865475 0.7071067811865476
6.366666666666666 0.7066556855071755 0.0 0.0 0.0 0.0 -0.7071067811865475 0.7071067811865476
6.383333333333334 0.7066556855071755 0.0 0.0 0.0 0.0 -0.7071067811865475 0.7071067811865476
6.4 0.7066556855071755 0.0 0.0 0.0 0.0 -0.7071067811865475 0.7071067811865476
6.416666666666667 0.7066556855071755 0.0 0.0 0.0 0.0 -0.7071067811865475 0.7071067811865476
6.433333333333334 0.7066556855071755 0.0 0.0 0.0 0.0 -0.7071067811865475 0.7071067811865476
6.45 0.7066556855071755 0.0 0.0 0.0 0.0 -0.7071067811865475 0.7071067811865476
6.466666666666667 0.7066556855071755 0.0 0.0 0.0 0.0 -0.7071067811865475 0.7071067811865476
6.483333333333333 0.7066556855071755 0.0 0.0 0.0 0.0 -0.7071067811865475 0.7071067811865476
6.5 0.7066556855071755 0.0 0.0 0.0 0.0 -0.7071067811865475 0.7071067811865476
6.516666666666667 0.7066556855071755 0.0 0.0 0.0 0.0 -0.7071067811865475 0.7071067811865476
6.533333333333333 0.7066556855071755 0.0 0.0 0.0 0.0 -0.7071067811865475 0.7071067811865476
6.55 0.7066556855071755 0.0 0.0 0.0 0.0 -0.7071067811865475 0.7071067811865476
6.566666666666666 0.7066556855071755 0.0 0.0 0.0 0.0 -0.7071067811865475 0.7071067811865476
6.583333333333333 0.7066556855071755 0.0 0.0 0.0 0.0 -0.7071067811865475 0.7071067811865476
6.6 0.7066556855071755 0.0 0.0 0.0 0.0 -0.7071067811865475 0.7071067811865476
6.616666666666666 0.7066556855071755 0.0 0.0 0.0 0.0 -0.7071067811865475 0.7071067811865476
6.633333333333334 0.7066556855071755 0.0 0.0 0.0 0.0 -0.7071067811865475 0.7071067811865476
6.65 0.7066556855071755 0.0 0.0 0.0 0.0 -0.7071067811865475 0.7071067811865476
6.666666666666667 0.7066556855071755 0.0 0.0 0.0 0.0 -0.7071067811865475 0.7071067811865476
6.683333333333334 0.7066556855071755 0.0 0.0 0.0 0.0 -0.7071067811865475 0.7071067811865476
6.7 0.7066556855071755 0.0 0.0 0.0 0.0 -0.7071067811865475 0.7071067811865476
6.75 0.7066556855071755 0.0 0.0 0.0 0.0 -0.7071067811865475 0.7071067811865476
6.8 0.7066556855071755 0.0 0.0 0.0 0.0 -0.7071067811865475 0.7071067811865476
6.85 0.7066556855071755 0.0 0.0 0.0 0.0 -0.7071067811865475 0.7071067811865476
6.9 0.7066556855071755 0.0 0.0 0.0 0.0 -0.7071067811865475 0.7071067811865476
6.95 0.7066556855071755 0.0 0.0 0.0 0.0 -0.7071067811865475 0.7071067811865476
6.96 0.7066556855071755 0.0 0.0 0.0 0.0 -0.7071067811865475 0.7071067811865476
