0.0 0.0 -0.059352157537597705
4.7079026903335786 -1.0025703170113743e-16 0.0
3.8347265757321263 -2.0827090052577546e-14 0.0
2.910955767091154 3.5990084638783997e-14 0.0
3.3869007341873147 -2.7307203807197533e-14 0.0
3.446668860707892 -4.440892098500626e-16 3.400058012914542e-16
0.7118794371141302 -2.260966106154138 0.21234745451552342
0.6898047206031048 2.2697024355838376 -0.19115533297745202
-1.6494677029197353 -0.06082452705349886 -1.6692491153102533
1.6811371858903579 0.3486105268785239 1.6278680916826564
