0.0 0.0 0.7068716658817278 0.7073418183407446
0.0 0.0 -0.0033171161405479085 0.999994498355121
0.0 0.0 0.0036495621201866803 0.9999933403259899
0.0 0.0 -0.004132125570755493 0.9999914627326912
0.9884577034350627 0.012915857721309694 0.14433617107157695 -0.04417713050438137
0.6946822769536859 0.7045440091719827 0.07094035202591227 0.12649798291178888
-0.6934327735953838 -0.1032676205454955 0.10145404020139431 0.7058284953000257
0.08845918904600271 0.7650459127335196 0.6285779989715637 0.10848696922655893
0.0 0.0 0.0 1.0
1.4901161193847655e-08 0.0 0.0 0.9999999999999998
