101
0 -8.252039555392358 0.5181014796264201 2.4621999555196926e-15 0.0 1.0 0.0 6.123233995736766e-17
0.04 -8.2457019618994 0.5959851480881502 2.4621999555196926e-15 0.0 1.0 0.0 6.123233995736766e-17
0.08 -8.226859318158596 0.6615726978063247 2.4621999555196926e-15 0.0 1.0 0.0 6.123233995736766e-17
0.12 -8.195766829277048 0.7045092968198653 2.4621999555196926e-15 0.0 1.0 0.0 6.123233995736766e-17
0.16 -8.152679700361844 0.7180162002347211 2.4621999555196926e-15 0.0 1.0 0.0 6.123233995736766e-17
0.2 -8.097853136520094 0.6999609649915564 2.4621999555196926e-15 0.0 1.0 0.0 6.123233995736766e-17
0.24 -8.031542342858891 0.6531941157366503 2.4621999555196926e-15 0.0 1.0 0.0 6.123233995736766e-17
0.28 -7.9540025244853325 0.585099109657601 2.4621999555196926e-15 0.0 1.0 0.0 6.123233995736766e-17
0.32 -7.865488886506526 0.506426650940904 2.4621999555196926e-15 0.0 1.0 0.0 6.123233995736766e-17
0.36 -7.76625663402956 0.42959739096744964 2.4621999555196926e-15 0.0 1.0 0.0 6.123233995736766e-17
0.4 -7.656560972161543 0.3667409805648344 2.4621999555196926e-15 0.0 1.0 0.0 6.123233995736766e-17
0.44 -7.536657106009564 0.3277810648485168 2.4621999555196926e-15 0.0 1.0 0.0 6.123233995736766e-17
0.48 -7.406800240680731 0.31886855785925194 2.4621999555196926e-15 0.0 1.0 0.0 6.123233995736766e-17
0.52 -7.267245581282133 0.3414105484823894 2.4621999555196926e-15 0.0 1.0 0.0 6.123233995736766e-17
0.56 -7.118248332920878 0.3918481520519559 2.4621999555196926e-15 0.0 1.0 0.0 6.123233995736766e-17
0.6 -6.960063700704069 0.4622183799866349 2.4621999555196926e-15 0.0 1.0 0.0 6.123233995736766e-17
0.64 -6.792946889738786 0.5414113205965188 2.4621999555196926e-15 0.0 1.0 0.0 6.123233995736766e-17
0.68 -6.617153105132147 0.6169241498541418 2.4621999555196926e-15 0.0 1.0 0.0 6.123233995736766e-17
0.72 -6.432937551991245 0.6768350523962506 2.4621999555196926e-15 0.0 1.0 0.0 6.123233995736766e-17
0.76 -6.240555435423175 0.7116854140327173 2.4621999555196926e-15 0.0 1.0 0.0 6.123233995736766e-17
0.8 -6.040261960535034 0.7159731289510964 2.4621999555196926e-15 0.0 1.0 0.0 6.123233995736766e-17
0.84 -5.832312332433929 0.6890212612440761 2.4621999555196926e-15 0.0 1.0 0.0 6.123233995736766e-17
0.88 -5.6169617562269565 0.6350849182047724 2.4621999555196926e-15 0.0 1.0 0.0 6.123233995736766e-17
0.92 -5.394465437021211 0.5626794624464693 2.4621999555196926e-15 0.0 1.0 0.0 6.123233995736766e-17
0.96 -5.165078579923801 0.48323612338182415 2.4621999555196926e-15 0.0 1.0 0.0 6.123233995736766e-17
1.0 -4.929056390041815 0.4092972574485461 2.4621999555196926e-15 0.0 1.0 0.0 6.123233995736766e-17
1.04 -4.686654072482355 0.3525361858092893 2.4621999555196926e-15 0.0 1.0 0.0 6.123233995736766e-17
1.08 -4.438126832352523 0.32191423361312177 2.4621999555196926e-15 0.0 1.0 0.0 6.123233995736766e-17
1.12 -4.183729874759408 0.32226593379615665 2.4621999555196926e-15 0.0 1.0 0.0 6.123233995736766e-17
1.16 -3.9237184048101312 0.3535357606326783 2.4621999555196926e-15 0.0 1.0 0.0 6.123233995736766e-17
1.2 -3.658347627611761 0.41078689602633306 2.4621999555196926e-15 0.0 1.0 0.0 6.123233995736766e-17
1.24 -3.387872748271427 0.48498064453675815 2.4621999555196926e-15 0.0 1.0 0.0 6.123233995736766e-17
1.28 -3.112548971896203 0.5644034446467279 2.4621999555196926e-15 0.0 1.0 0.0 6.123233995736766e-17
1.32 -2.8326315035932055 0.6365161825678649 2.4621999555196926e-15 0.0 1.0 0.0 6.123233995736766e-17
1.36 -2.5483755484695223 0.6899338425977194 2.4621999555196926e-15 0.0 1.0 0.0 6.123233995736766e-17
1.4 -2.2600363116322555 0.7162229507653941 2.4621999555196926e-15 0.0 1.0 0.0 6.123233995736766e-17
1.44 -1.9678689981885071 0.7112330349362757 2.4621999555196926e-15 0.0 1.0 0.0 6.123233995736766e-17
1.48 -1.6721288132453722 0.6757518931014833 2.4621999555196926e-15 0.0 1.0 0.0 6.123233995736766e-17
1.52 -1.3730709619099528 0.61538121739718 2.4621999555196926e-15 0.0 1.0 0.0 6.123233995736766e-17
1.56 -1.070950649289344 0.5396522100863085 2.4621999555196926e-15 0.0 1.0 0.0 6.123233995736766e-17
1.6 -0.7660230804906512 0.460520816293407 2.4621999555196926e-15 0.0 1.0 0.0 6.123233995736766e-17
1.64 -0.45854346062096596 0.39048014315683055 2.4621999555196926e-15 0.0 1.0 0.0 6.123233995736766e-17
1.68 -0.14876699478739397 0.34058807291011917 2.4621999555196926e-15 0.0 1.0 0.0 6.123233995736766e-17
1.72 0.1630511119029734 0.31872146641810084 2.4621999555196926e-15 0.0 1.0 0.0 6.123233995736766e-17
1.76 0.47665565434303403 0.32833258004279525 2.4621999555196926e-15 0.0 1.0 0.0 6.123233995736766e-17
1.8 0.7917914274256859 0.36790403027208485 2.4621999555196926e-15 0.0 1.0 0.0 6.123233995736766e-17
1.84 1.108203226043834 0.43118835521204135 2.4621999555196926e-15 0.0 1.0 0.0 6.123233995736766e-17
1.88 1.425635845090376 0.5081943514507459 2.4621999555196926e-15 0.0 1.0 0.0 6.123233995736766e-17
1.92 1.7438340794582103 0.5867644653903992 2.4621999555196926e-15 0.0 1.0 0.0 6.123233995736766e-17
1.96 2.0625427240402487 0.6544942036400472 2.4621999555196926e-15 0.0 1.0 0.0 6.123233995736766e-17
2.0 2.3815065737293857 0.7006905297719456 2.4621999555196926e-15 0.0 1.0 0.0 6.123233995736766e-17
2.04 2.7004704234185226 0.7180600596549539 2.4621999555196926e-15 0.0 1.0 0.0 6.123233995736766e-17
2.08 3.019179068000561 0.7038605264418681 2.4621999555196926e-15 0.0 1.0 0.0 6.123233995736766e-17
2.12 3.3373773023683952 0.660333724207616 2.4621999555196926e-15 0.0 1.0 0.0 6.123233995736766e-17
2.16 3.654809921414941 0.5943515779574081 2.4621999555196926e-15 0.0 1.0 0.0 6.123233995736766e-17
2.2 3.9712217200330855 0.5163312177683392 2.4621999555196926e-15 0.0 1.0 0.0 6.123233995736766e-17
2.24 4.286357493115737 0.43859034300213284 2.4621999555196926e-15 0.0 1.0 0.0 6.123233995736766e-17
2.28 4.599962035555794 0.37340252841757154 2.4621999555196926e-15 0.0 1.0 0.0 6.123233995736766e-17
2.32 4.911780142246162 0.33105949658751227 2.4621999555196926e-15 0.0 1.0 0.0 6.123233995736766e-17
2.36 5.221556608079737 0.3182462811990945 2.4621999555196926e-15 0.0 1.0 0.0 6.123233995736766e-17
2.4 5.529036227949419 0.3369858072250953 2.4621999555196926e-15 0.0 1.0 0.0 6.123233995736766e-17
2.44 5.833963796748115 0.3843195155508152 2.4621999555196926e-15 0.0 1.0 0.0 6.123233995736766e-17
2.48 6.136084109368724 0.4527744544054756 2.4621999555196926e-15 0.0 1.0 0.0 6.123233995736766e-17
2.52 6.435141960704144 0.531543094131515 2.4621999555196926e-15 0.0 1.0 0.0 6.123233995736766e-17
2.56 6.7308821456472785 0.6081895984814979 2.4621999555196926e-15 0.0 1.0 0.0 6.123233995736766e-17
2.6 7.023049459091027 0.6706131697223406 2.4621999555196926e-15 0.0 1.0 0.0 6.123233995736766e-17
2.64 7.311388695928294 0.7089584985249597 2.4621999555196926e-15 0.0 1.0 0.0 6.123233995736766e-17
2.68 7.595644651051977 0.7171717006087319 2.4621999555196926e-15 0.0 1.0 0.0 6.123233995736766e-17
2.72 7.875562119354978 0.6939560919565646 2.4621999555196926e-15 0.0 1.0 0.0 6.123233995736766e-17
2.76 8.150885895730195 0.6429769067096989 2.4621999555196926e-15 0.0 1.0 0.0 6.123233995736766e-17
2.8 8.421360775070532 0.5722826372879939 2.4621999555196926e-15 0.0 1.0 0.0 6.123233995736766e-17
2.84 8.686731552268895 0.4930343544071342 2.4621999555196926e-15 0.0 1.0 0.0 6.123233995736766e-17
2.88 8.946743022218186 0.41774361942230587 2.4621999555196926e-15 0.0 1.0 0.0 6.123233995736766e-17
2.92 9.201139979811295 0.3582971838944973 2.4621999555196926e-15 0.0 1.0 0.0 6.123233995736766e-17
2.96 9.449667219941126 0.32408033288498295 2.4621999555196926e-15 0.0 1.0 0.0 6.123233995736766e-17
3.0 9.692069537500583 0.3204951548078477 2.4621999555196926e-15 0.0 1.0 0.0 6.123233995736766e-17
3.04 9.928091727382572 0.34810767045055446 2.4621999555196926e-15 0.0 1.0 0.0 6.123233995736766e-17
3.08 10.157478584479986 0.4025584707372737 2.4621999555196926e-15 0.0 1.0 0.0 6.123233995736766e-17
3.12 10.379974903685728 0.4752509715672432 2.4621999555196926e-15 0.0 1.0 0.0 6.123233995736766e-17
3.16 10.5953254798927 0.5547086254225376 2.4621999555196926e-15 0.0 1.0 0.0 6.123233995736766e-17
3.2 10.803275107993805 0.6283868158747582 2.4621999555196926e-15 0.0 1.0 0.0 6.123233995736766e-17
3.24 11.003568582881947 0.6846533766879768 2.4621999555196926e-15 0.0 1.0 0.0 6.123233995736766e-17
3.28 11.195950699450016 0.714625055099248 2.4621999555196926e-15 0.0 1.0 0.0 6.123233995736766e-17
3.32 11.380166252590918 0.7135699821048721 2.4621999555196926e-15 0.0 1.0 0.0 6.123233995736766e-17
3.36 11.555960037197558 0.6816547305317084 2.4621999555196926e-15 0.0 1.0 0.0 6.123233995736766e-17
3.4 11.723076848162837 0.6239180168504248 2.4621999555196926e-15 0.0 1.0 0.0 6.123233995736766e-17
3.44 11.88126148037965 0.5494751986361021 2.4621999555196926e-15 0.0 1.0 0.0 6.123233995736766e-17
3.48 12.030258728740908 0.4700791600356652 2.4621999555196926e-15 0.0 1.0 0.0 6.123233995736766e-17
3.52 12.169813388139499 0.398264789783567 2.4621999555196926e-15 0.0 1.0 0.0 6.123233995736766e-17
3.56 12.299670253468332 0.34536999788782885 2.4621999555196926e-15 0.0 1.0 0.0 6.123233995736766e-17
3.6 12.419574119620314 0.31974570893779686 2.4621999555196926e-15 0.0 1.0 0.0 6.123233995736766e-17
3.64 12.529269781488331 0.32543743473166786 2.4621999555196926e-15 0.0 1.0 0.0 6.123233995736766e-17
3.68 12.628502033965294 0.36154657691629005 2.4621999555196926e-15 0.0 1.0 0.0 6.123233995736766e-17
3.72 12.717015671944107 0.42237229590873704 2.4621999555196926e-15 0.0 1.0 0.0 6.123233995736766e-17
3.76 12.79455549031766 0.49831154811636075 2.4621999555196926e-15 0.0 1.0 0.0 6.123233995736766e-17
3.8 12.860866283978865 0.5773751953682971 2.4621999555196926e-15 0.0 1.0 0.0 6.123233995736766e-17
3.84 12.915692847820619 0.6470808262153935 2.4621999555196926e-15 0.0 1.0 0.0 6.123233995736766e-17
3.88 12.95877997673582 0.6964234542347082 2.4621999555196926e-15 0.0 1.0 0.0 6.123233995736766e-17
3.92 12.989872465617367 0.7176129634079811 2.4621999555196926e-15 0.0 1.0 0.0 6.123233995736766e-17
3.96 13.008715109358175 0.7073039961518017 2.4621999555196926e-15 0.0 1.0 0.0 6.123233995736766e-17
4.0 13.01505270285113 0.6671241117222898 2.4621999555196926e-15 0.0 1.0 0.0 6.123233995736766e-17
101
0 3.290734297963226 0.16829419696157932 3.944304526105059e-31 0.0 0.0 0.0 1.0
0.04 3.290734297963226 0.11920627753596191 0.0 0.0 0.0 0.0 1.0
0.08 3.290734297963226 0.05129830799573443 3.944304526105059e-31 0.0 0.0 0.0 1.0
0.12 3.290734297963226 -0.024708536429527195 0.0 0.0 0.0 0.0 1.0
0.16 3.290734297963226 -0.09681444624400826 3.944304526105059e-31 0.0 0.0 0.0 1.0
0.2 3.290734297963226 -0.15363548375316283 7.888609052210118e-31 0.0 0.0 0.0 1.0
0.24 3.290734297963226 -0.18620085651559648 7.888609052210118e-31 0.0 0.0 0.0 1.0
0.28 3.290734297963226 -0.1893692082197248 7.888609052210118e-31 0.0 0.0 0.0 1.0
0.32 3.290734297963226 -0.16264032579720156 3.944304526105059e-31 0.0 0.0 0.0 1.0
0.36 3.290734297963226 -0.11023411206772249 3.944304526105059e-31 0.0 0.0 0.0 1.0
0.4 3.290734297963226 -0.04042435587104204 0.0 0.0 0.0 0.0 1.0
0.44 3.290734297963226 0.035767517266705795 3.944304526105059e-31 0.0 0.0 0.0 1.0
0.48 3.290734297963226 0.10631248588441666 0.0 0.0 0.0 0.0 1.0
0.52 3.290734297963226 0.16007305058053134 3.944304526105059e-31 0.0 0.0 0.0 1.0
0.56 3.290734297963226 0.18856160027713986 3.944304526105059e-31 0.0 0.0 0.0 1.0
0.6 3.290734297963226 0.18728041938354295 3.944304526105059e-31 0.0 0.0 0.0 1.0
0.64 3.290734297963226 0.15643177819222664 3.944304526105059e-31 0.0 0.0 0.0 1.0
0.68 3.290734297963226 0.10088599884719929 3.944304526105059e-31 0.0 0.0 0.0 1.0
0.72 3.290734297963226 0.029412538566124025 7.888609052210118e-31 0.0 0.0 0.0 1.0
0.76 3.290734297963226 -0.04670451483147464 3.944304526105059e-31 0.0 0.0 0.0 1.0
0.8 3.290734297963226 -0.1154479522763251 3.944304526105059e-31 0.0 0.0 0.0 1.0
0.84 3.290734297963226 -0.16596469652698453 7.888609052210118e-31 0.0 0.0 0.0 1.0
0.88 3.290734297963226 -0.19027926442873805 3.944304526105059e-31 0.0 0.0 0.0 1.0
0.92 3.290734297963226 -0.18455292033875792 7.888609052210118e-31 0.0 0.0 0.0 1.0
0.96 3.290734297963226 -0.14968972807796543 3.944304526105059e-31 0.0 0.0 0.0 1.0
1.0 3.290734297963226 -0.09119381913226676 3.944304526105059e-31 0.0 0.0 0.0 1.0
1.04 3.290734297963226 -0.0183004113158044 3.944304526105059e-31 0.0 0.0 0.0 1.0
1.08 3.290734297963226 0.05748222905787381 3.944304526105059e-31 0.0 0.0 0.0 1.0
1.12 3.290734297963226 0.12418968938289798 3.944304526105059e-31 0.0 0.0 0.0 1.0
1.16 3.290734297963226 0.17129032843796915 3.944304526105059e-31 0.0 0.0 0.0 1.0
1.2 3.290734297963226 0.19134799096541516 7.888609052210118e-31 0.0 0.0 0.0 1.0
1.24 3.290734297963226 0.18119601308015165 3.944304526105059e-31 0.0 0.0 0.0 1.0
1.28 3.290734297963226 0.1424371688685131 3.944304526105059e-31 0.0 0.0 0.0 1.0
1.32 3.290734297963226 0.08119062760182749 3.944304526105059e-31 0.0 0.0 0.0 1.0
1.36 3.290734297963226 0.007125871456801325 7.888609052210118e-31 0.0 0.0 0.0 1.0
1.4 3.290734297963226 -0.06806390310755073 7.888609052210118e-31 0.0 0.0 0.0 1.0
1.44 3.290734297963226 -0.13250788396071478 7.888609052210118e-31 0.0 0.0 0.0 1.0
1.48 3.290734297963226 -0.17603178352059956 7.888609052210118e-31 0.0 0.0 0.0 1.0
1.52 3.290734297963226 -0.1917641350504532 3.944304526105059e-31 0.0 0.0 0.0 1.0
1.56 3.290734297963226 -0.1772211461667481 3.944304526105059e-31 0.0 0.0 0.0 1.0
1.6 3.290734297963226 -0.13469883504289837 7.888609052210118e-31 0.0 0.0 0.0 1.0
1.64 3.290734297963226 -0.07091053962453714 3.944304526105059e-31 0.0 0.0 0.0 1.0
1.68 3.290734297963226 0.004072970819184618 3.944304526105059e-31 0.0 0.0 0.0 1.0
1.72 3.290734297963226 0.07841344872706241 3.944304526105059e-31 0.0 0.0 0.0 1.0
1.76 3.290734297963226 0.14037416723630064 3.944304526105059e-31 0.0 0.0 0.0 1.0
1.8 3.290734297963226 0.1801728912869257 7.888609052210118e-31 0.0 0.0 0.0 1.0
1.84 3.290734297963226 0.19152627744591866 3.944304526105059e-31 0.0 0.0 0.0 1.0
1.88 3.290734297963226 0.17264187567709488 7.888609052210118e-31 0.0 0.0 0.0 1.0
1.92 3.290734297963226 0.12650111778941597 3.944304526105059e-31 0.0 0.0 0.0 1.0
1.96 3.290734297963226 0.06038861491009606 3.944304526105059e-31 0.0 0.0 0.0 1.0
2.0 3.290734297963226 -0.015257922438314253 3.944304526105059e-31 0.0 0.0 0.0 1.0
2.04 3.290734297963226 -0.08849556932500158 3.944304526105059e-31 0.0 0.0 0.0 1.0
2.08 3.290734297963226 -0.14776171165636054 3.944304526105059e-31 0.0 0.0 0.0 1.0
2.12 3.290734297963226 -0.18369952870254846 3.944304526105059e-31 0.0 0.0 0.0 1.0
2.16 3.290734297963226 -0.19063522935290084 3.944304526105059e-31 0.0 0.0 0.0 1.0
2.2 3.290734297963226 -0.16747381897695335 3.944304526105059e-31 0.0 0.0 0.0 1.0
2.24 3.290734297963226 -0.1178719749998427 7.888609052210118e-31 0.0 0.0 0.0 1.0
2.28 3.290734297963226 -0.049660737939924315 3.944304526105059e-31 0.0 0.0 0.0 1.0
2.32 3.290734297963226 0.026390837700116798 3.944304526105059e-31 0.0 0.0 0.0 1.0
2.36 3.290734297963226 0.09827588034920054 3.944304526105059e-31 0.0 0.0 0.0 1.0
2.4 3.290734297963226 0.15464532238177015 7.888609052210118e-31 0.0 0.0 0.0 1.0
2.44 3.290734297963226 0.18659966835249875 5.9164567891575885e-31 0.0 0.0 0.0 1.0
2.48 3.290734297963226 0.18909402964495237 5.9164567891575885e-31 0.0 0.0 0.0 1.0
2.52 3.290734297963226 0.16173460145708296 5.9164567891575885e-31 0.0 0.0 0.0 1.0
2.56 3.290734297963226 0.10884083592048976 3.944304526105059e-31 0.0 0.0 0.0 1.0
2.6 3.290734297963226 0.038763495584980046 3.944304526105059e-31 0.0 0.0 0.0 1.0
2.64 3.290734297963226 -0.037433748371434095 5.9164567891575885e-31 0.0 0.0 0.0 1.0
2.68 3.290734297963226 -0.10772102655347326 5.9164567891575885e-31 0.0 0.0 0.0 1.0
2.72 3.290734297963226 -0.161001523213273 5.9164567891575885e-31 0.0 0.0 0.0 1.0
2.76 3.290734297963226 -0.18886341946011775 5.9164567891575885e-31 0.0 0.0 0.0 1.0
2.8 3.290734297963226 -0.18690793450416732 3.944304526105059e-31 0.0 0.0 0.0 1.0
2.84 3.290734297963226 -0.15544379642275125 3.944304526105059e-31 0.0 0.0 0.0 1.0
2.88 3.290734297963226 -0.09943850078527566 5.9164567891575885e-31 0.0 0.0 0.0 1.0
2.92 3.290734297963226 -0.02773405232813342 5.9164567891575885e-31 0.0 0.0 0.0 1.0
2.96 3.290734297963226 0.04834899317511843 5.9164567891575885e-31 0.0 0.0 0.0 1.0
3.0 3.290734297963226 0.11679879575395935 5.9164567891575885e-31 0.0 0.0 0.0 1.0
3.04 3.290734297963226 0.16680863665584522 5.9164567891575885e-31 0.0 0.0 0.0 1.0
3.08 3.290734297963226 0.19048306161903883 5.9164567891575885e-31 0.0 0.0 0.0 1.0
3.12 3.290734297963226 0.18408439949524374 3.944304526105059e-31 0.0 0.0 0.0 1.0
3.16 3.290734297963226 0.14862285833998812 3.944304526105059e-31 0.0 0.0 0.0 1.0
3.2 3.290734297963226 0.08969703577311527 5.9164567891575885e-31 0.0 0.0 0.0 1.0
3.24 3.290734297963226 0.016610023516606565 3.944304526105059e-31 0.0 0.0 0.0 1.0
3.28 3.290734297963226 -0.05909934623187907 5.9164567891575885e-31 0.0 0.0 0.0 1.0
3.32 3.290734297963226 -0.12547822868711833 5.9164567891575885e-31 0.0 0.0 0.0 1.0
3.36 3.290734297963226 -0.17204685784867868 3.944304526105059e-31 0.0 0.0 0.0 1.0
3.4 3.290734297963226 -0.19145307112323495 5.9164567891575885e-31 0.0 0.0 0.0 1.0
3.44 3.290734297963226 -0.18063305413866526 3.944304526105059e-31 0.0 0.0 0.0 1.0
3.48 3.290734297963226 -0.14129504966623724 3.944304526105059e-31 0.0 0.0 0.0 1.0
3.52 3.290734297963226 -0.07964966364787657 5.9164567891575885e-31 0.0 0.0 0.0 1.0
3.56 3.290734297963226 -0.00542934707678111 5.9164567891575885e-31 0.0 0.0 0.0 1.0
3.6 3.290734297963226 0.0696481440172233 5.9164567891575885e-31 0.0 0.0 0.0 1.0
3.64 3.290734297963226 0.13372972459470067 5.9164567891575885e-31 0.0 0.0 0.0 1.0
3.68 3.290734297963226 0.1766983221086315 3.944304526105059e-31 0.0 0.0 0.0 1.0
3.72 3.290734297963226 0.19177013980533486 5.9164567891575885e-31 0.0 0.0 0.0 1.0
3.76 3.290734297963226 0.176565669069717 3.944304526105059e-31 0.0 0.0 0.0 1.0
3.8 3.290734297963226 0.1334853615149405 3.944304526105059e-31 0.0 0.0 0.0 1.0
3.84 3.290734297963226 0.06933065045385478 5.9164567891575885e-31 0.0 0.0 0.0 1.0
3.88 3.290734297963226 -0.005769845871152368 5.9164567891575885e-31 0.0 0.0 0.0 1.0
3.92 3.290734297963226 -0.07995941040051002 3.944304526105059e-31 0.0 0.0 0.0 1.0
3.96 3.290734297963226 -0.1415251421756033 3.944304526105059e-31 0.0 0.0 0.0 1.0
4.0 3.290734297963226 -0.18074716585681155 3.944304526105059e-31 0.0 0.0 0.0 1.0
3
0 0.0 0.0 0.0 0.0 0.0 0.0 1.0
2.0 0.0 0.0 0.0 0.0 0.0 0.0 1.0
4.0 0.0 0.0 0.0 0.0 0.0 0.0 1.0
101
0 3.2623371178127716 0.013565288403556974 -3.944304526105059e-31 0.0 0.0 0.0 1.0
0.04 3.2623371178127716 -0.06199730988746177 0.0 0.0 0.0 0.0 1.0
0.08 3.2623371178127716 -0.12777189614445805 -3.944304526105059e-31 0.0 0.0 0.0 1.0
0.12 3.2623371178127716 -0.1733741094494341 0.0 0.0 0.0 0.0 1.0
0.16 3.2623371178127716 -0.19160436302326334 0.0 0.0 0.0 0.0 1.0
0.2 3.2623371178127716 -0.17958450067355913 -3.944304526105059e-31 0.0 0.0 0.0 1.0
0.24 3.2623371178127716 -0.139212194372537 -7.888609052210118e-31 0.0 0.0 0.0 1.0
0.28 3.2623371178127716 -0.07686134357862429 -7.888609052210118e-31 0.0 0.0 0.0 1.0
0.32 3.2623371178127716 -0.002375776661313056 -3.944304526105059e-31 0.0 0.0 0.0 1.0
0.36 3.2623371178127716 0.07248487315222857 -3.944304526105059e-31 0.0 0.0 0.0 1.0
0.4 3.2623371178127716 0.13590175529284254 0.0 0.0 0.0 0.0 1.0
0.44 3.2623371178127716 0.17786273848129613 -3.944304526105059e-31 0.0 0.0 0.0 1.0
0.48 3.2623371178127716 0.19174310611047307 0.0 0.0 0.0 0.0 1.0
0.52 3.2623371178127716 0.17535145333333002 -3.944304526105059e-31 0.0 0.0 0.0 1.0
0.56 3.2623371178127716 0.1312756617036216 0.0 0.0 0.0 0.0 1.0
0.6 3.2623371178127716 0.06647432958091859 0.0 0.0 0.0 0.0 1.0
0.64 3.2623371178127716 -0.008821837544669253 -3.944304526105059e-31 0.0 0.0 0.0 1.0
0.68 3.2623371178127716 -0.08272523049656866 0.0 0.0 0.0 0.0 1.0
0.72 3.2623371178127716 -0.14356812851590506 -7.888609052210118e-31 0.0 0.0 0.0 1.0
0.76 3.2623371178127716 -0.18174477581941856 -3.944304526105059e-31 0.0 0.0 0.0 1.0
0.8 3.2623371178127716 -0.19122791922622523 0.0 0.0 0.0 0.0 1.0
0.84 3.2623371178127716 -0.1705203789078023 -7.888609052210118e-31 0.0 0.0 0.0 1.0
0.88 3.2623371178127716 -0.1228914201629126 0.0 0.0 0.0 0.0 1.0
0.92 3.2623371178127716 -0.055860608311554705 -3.944304526105059e-31 0.0 0.0 0.0 1.0
0.96 3.2623371178127716 0.019989365328819564 -3.944304526105059e-31 0.0 0.0 0.0 1.0
1.0 3.2623371178127716 0.09268345771005371 0.0 0.0 0.0 0.0 1.0
1.04 3.2623371178127716 0.15074487004327325 -3.944304526105059e-31 0.0 0.0 0.0 1.0
1.08 3.2623371178127716 0.1850069819757323 0.0 0.0 0.0 0.0 1.0
1.12 3.2623371178127716 0.19006055938881028 -3.944304526105059e-31 0.0 0.0 0.0 1.0
1.16 3.2623371178127716 0.16510775352707185 -3.944304526105059e-31 0.0 0.0 0.0 1.0
1.2 3.2623371178127716 0.11408806377364589 -7.888609052210118e-31 0.0 0.0 0.0 1.0
1.24 3.2623371178127716 0.04505637731936574 -3.944304526105059e-31 0.0 0.0 0.0 1.0
1.28 3.2623371178127716 -0.031088720413757653 -3.944304526105059e-31 0.0 0.0 0.0 1.0
1.32 3.2623371178127716 -0.10232559277251274 0.0 0.0 0.0 0.0 1.0
1.36 3.2623371178127716 -0.15740750396821224 -7.888609052210118e-31 0.0 0.0 0.0 1.0
1.4 3.2623371178127716 -0.18763823136443636 -7.888609052210118e-31 0.0 0.0 0.0 1.0
1.44 3.2623371178127716 -0.18824500781873033 -7.888609052210118e-31 0.0 0.0 0.0 1.0
1.48 3.2623371178127716 -0.1591320366707646 -7.888609052210118e-31 0.0 0.0 0.0 1.0
1.52 3.2623371178127716 -0.10489561592862595 -3.944304526105059e-31 0.0 0.0 0.0 1.0
1.56 3.2623371178127716 -0.03409848387676512 -3.944304526105059e-31 0.0 0.0 0.0 1.0
1.6 3.2623371178127716 0.042082049021576196 -3.944304526105059e-31 0.0 0.0 0.0 1.0
1.64 3.2623371178127716 0.11161875167974727 -3.944304526105059e-31 0.0 0.0 0.0 1.0
1.68 3.2623371178127716 0.16353330772144276 0.0 0.0 0.0 0.0 1.0
1.72 3.2623371178127716 0.18962955024523592 0.0 0.0 0.0 0.0 1.0
1.76 3.2623371178127716 0.1857874563609513 -3.944304526105059e-31 0.0 0.0 0.0 1.0
1.8 3.2623371178127716 0.15261360821293501 -7.888609052210118e-31 0.0 0.0 0.0 1.0
1.84 3.2623371178127716 0.09534542699699389 -3.944304526105059e-31 0.0 0.0 0.0 1.0
1.88 3.2623371178127716 0.023024299314027608 -7.888609052210118e-31 0.0 0.0 0.0 1.0
1.92 3.2623371178127716 -0.05293185897219854 0.0 0.0 0.0 0.0 1.0
1.96 3.2623371178127716 -0.12053124059273512 0.0 0.0 0.0 0.0 1.0
2.0 3.2623371178127716 -0.16910138956529208 -3.944304526105059e-31 0.0 0.0 0.0 1.0
2.04 3.2623371178127716 -0.19097414732781887 0.0 0.0 0.0 0.0 1.0
2.08 3.2623371178127716 -0.18269628636793656 0.0 0.0 0.0 0.0 1.0
2.12 3.2623371178127716 -0.1455746989175556 -3.944304526105059e-31 0.0 0.0 0.0 1.0
2.16 3.2623371178127716 -0.0854700674054128 -3.944304526105059e-31 0.0 0.0 0.0 1.0
2.2 3.2623371178127716 -0.011871591566290585 -3.944304526105059e-31 0.0 0.0 0.0 1.0
2.24 3.2623371178127716 0.06360114754852558 -7.888609052210118e-31 0.0 0.0 0.0 1.0
2.28 3.2623371178127716 0.1290326639278277 -3.944304526105059e-31 0.0 0.0 0.0 1.0
2.32 3.2623371178127716 0.17409275984388595 -3.944304526105059e-31 0.0 0.0 0.0 1.0
2.36 3.2623371178127716 0.19166743693320232 0.0 0.0 0.0 0.0 1.0
2.4 3.2623371178127716 0.1789820401154752 -7.888609052210118e-31 0.0 0.0 0.0 1.0
2.44 3.2623371178127716 0.13803931462164554 -3.944304526105059e-31 0.0 0.0 0.0 1.0
2.48 3.2623371178127716 0.07530321655830396 -3.944304526105059e-31 0.0 0.0 0.0 1.0
2.52 3.2623371178127716 0.0006783963679669602 -3.944304526105059e-31 0.0 0.0 0.0 1.0
2.56 3.2623371178127716 -0.07405352769228934 -3.944304526105059e-31 0.0 0.0 0.0 1.0
2.6 3.2623371178127716 -0.1370940280193268 -3.944304526105059e-31 0.0 0.0 0.0 1.0
2.64 3.2623371178127716 -0.17849039574639214 -3.944304526105059e-31 0.0 0.0 0.0 1.0
2.68 3.2623371178127716 -0.1917070546329534 -1.9721522630525295e-31 0.0 0.0 0.0 1.0
2.72 3.2623371178127716 -0.17465738484879478 -3.944304526105059e-31 0.0 0.0 0.0 1.0
2.76 3.2623371178127716 -0.13003315436459795 -3.944304526105059e-31 0.0 0.0 0.0 1.0
2.8 3.2623371178127716 -0.06487954797597889 -1.9721522630525295e-31 0.0 0.0 0.0 1.0
2.84 3.2623371178127716 0.010517112466171485 -1.9721522630525295e-31 0.0 0.0 0.0 1.0
2.88 3.2623371178127716 0.08425335210024293 -3.944304526105059e-31 0.0 0.0 0.0 1.0
2.92 3.2623371178127716 0.14468784000087864 -1.9721522630525295e-31 0.0 0.0 0.0 1.0
2.96 3.2623371178127716 0.18227929936243625 -3.944304526105059e-31 0.0 0.0 0.0 1.0
3.0 3.2623371178127716 0.19109286531295117 -1.9721522630525295e-31 0.0 0.0 0.0 1.0
3.04 3.2623371178127716 0.1697370695815763 -3.944304526105059e-31 0.0 0.0 0.0 1.0
3.08 3.2623371178127716 0.12158352274293549 -3.944304526105059e-31 0.0 0.0 0.0 1.0
3.12 3.2623371178127716 0.054234611042384806 -1.9721522630525295e-31 0.0 0.0 0.0 1.0
3.16 3.2623371178127716 -0.021676753230817303 -1.9721522630525295e-31 0.0 0.0 0.0 1.0
3.2 3.2623371178127716 -0.09416583479744867 -3.944304526105059e-31 0.0 0.0 0.0 1.0
3.24 3.2623371178127716 -0.15178820156848272 -1.9721522630525295e-31 0.0 0.0 0.0 1.0
3.28 3.2623371178127716 -0.18544654883170375 -3.944304526105059e-31 0.0 0.0 0.0 1.0
3.32 3.2623371178127716 -0.1898269636341856 -1.9721522630525295e-31 0.0 0.0 0.0 1.0
3.36 3.2623371178127716 -0.1642378747952009 -1.9721522630525295e-31 0.0 0.0 0.0 1.0
3.4 3.2623371178127716 -0.112719236789393 -3.944304526105059e-31 0.0 0.0 0.0 1.0
3.44 3.2623371178127716 -0.043404709765768934 -1.9721522630525295e-31 0.0 0.0 0.0 1.0
3.48 3.2623371178127716 0.03276246654686121 -1.9721522630525295e-31 0.0 0.0 0.0 1.0
3.52 3.2623371178127716 0.10375716977304661 -3.944304526105059e-31 0.0 0.0 0.0 1.0
3.56 3.2623371178127716 0.1583708973053144 -3.944304526105059e-31 0.0 0.0 0.0 1.0
3.6 3.2623371178127716 0.1879813424132769 -3.944304526105059e-31 0.0 0.0 0.0 1.0
3.64 3.2623371178127716 0.187913666889025 -3.944304526105059e-31 0.0 0.0 0.0 1.0
3.68 3.2623371178127716 0.1581785552097873 -1.9721522630525295e-31 0.0 0.0 0.0 1.0
3.72 3.2623371178127716 0.10347052769390919 -3.944304526105059e-31 0.0 0.0 0.0 1.0
3.76 3.2623371178127716 0.032426778965724434 -1.9721522630525295e-31 0.0 0.0 0.0 1.0
3.8 3.2623371178127716 -0.04373644516094777 -1.9721522630525295e-31 0.0 0.0 0.0 1.0
3.84 3.2623371178127716 -0.11299464627391365 -3.944304526105059e-31 0.0 0.0 0.0 1.0
3.88 3.2623371178127716 -0.16441347726716282 -3.944304526105059e-31 0.0 0.0 0.0 1.0
3.92 3.2623371178127716 -0.1898750353244143 -1.9721522630525295e-31 0.0 0.0 0.0 1.0
3.96 3.2623371178127716 -0.18535950027731246 -2.9582283945787943e-31 0.0 0.0 0.0 1.0
4.0 3.2623371178127716 -0.15157977582218496 -2.9582283945787943e-31 0.0 0.0 0.0 1.0
3
0 0.0 0.0 0.0 0.0 0.0 0.0 1.0
2.0 0.0 0.0 0.0 0.0 0.0 0.0 1.0
4.0 0.0 0.0 0.0 0.0 0.0 0.0 1.0
101
0 3.2410636176681766 -0.15363548375316283 3.944304526105059e-31 0.0 0.0 0.0 1.0
0.04 3.2410636176681766 -0.18620085651559648 0.0 0.0 0.0 0.0 1.0
0.08 3.2410636176681766 -0.18936920821972475 3.944304526105059e-31 0.0 0.0 0.0 1.0
0.12 3.2410636176681766 -0.16264032579720156 0.0 0.0 0.0 0.0 1.0
0.16 3.2410636176681766 -0.11023411206772238 -3.944304526105059e-31 0.0 0.0 0.0 1.0
0.2 3.2410636176681766 -0.04042435587104204 -3.944304526105059e-31 0.0 0.0 0.0 1.0
0.24 3.2410636176681766 0.035767517266705795 3.944304526105059e-31 0.0 0.0 0.0 1.0
0.28 3.2410636176681766 0.10631248588441677 0.0 0.0 0.0 0.0 1.0
0.32 3.2410636176681766 0.16007305058053134 3.944304526105059e-31 0.0 0.0 0.0 1.0
0.36 3.2410636176681766 0.18856160027713992 3.944304526105059e-31 0.0 0.0 0.0 1.0
0.4 3.2410636176681766 0.18728041938354295 0.0 0.0 0.0 0.0 1.0
0.44 3.2410636176681766 0.15643177819222664 3.944304526105059e-31 0.0 0.0 0.0 1.0
0.48 3.2410636176681766 0.1008859988471994 0.0 0.0 0.0 0.0 1.0
0.52 3.2410636176681766 0.029412538566123914 3.944304526105059e-31 0.0 0.0 0.0 1.0
0.56 3.2410636176681766 -0.046704514831474864 0.0 0.0 0.0 0.0 1.0
0.6 3.2410636176681766 -0.1154479522763251 0.0 0.0 0.0 0.0 1.0
0.64 3.2410636176681766 -0.16596469652698453 3.944304526105059e-31 0.0 0.0 0.0 1.0
0.68 3.2410636176681766 -0.19027926442873805 0.0 0.0 0.0 0.0 1.0
0.72 3.2410636176681766 -0.18455292033875803 0.0 0.0 0.0 0.0 1.0
0.76 3.2410636176681766 -0.14968972807796543 3.944304526105059e-31 0.0 0.0 0.0 1.0
0.8 3.2410636176681784 -0.09119381913226676 -3.944304526105059e-31 0.0 0.0 0.0 1.0
0.84 3.2410636176681784 -0.0183004113158044 3.944304526105059e-31 0.0 0.0 0.0 1.0
0.88 3.2410636176681784 0.05748222905787381 0.0 0.0 0.0 0.0 1.0
0.92 3.2410636176681784 0.12418968938289798 -3.944304526105059e-31 0.0 0.0 0.0 1.0
0.96 3.2410636176681784 0.17129032843796915 0.0 0.0 0.0 0.0 1.0
1.0 3.2410636176681784 0.19134799096541516 -3.944304526105059e-31 0.0 0.0 0.0 1.0
1.04 3.2410636176681784 0.18119601308015165 0.0 0.0 0.0 0.0 1.0
1.08 3.2410636176681784 0.1424371688685131 -3.944304526105059e-31 0.0 0.0 0.0 1.0
1.12 3.2410636176681784 0.08119062760182749 0.0 0.0 0.0 0.0 1.0
1.16 3.2410636176681784 0.007125871456801658 0.0 0.0 0.0 0.0 1.0
1.2 3.2410636176681784 -0.06806390310755073 0.0 0.0 0.0 0.0 1.0
1.24 3.2410636176681784 -0.132507883960715 0.0 0.0 0.0 0.0 1.0
1.28 3.2410636176681784 -0.17603178352059956 0.0 0.0 0.0 0.0 1.0
1.32 3.2410636176681784 -0.19176413505045348 -3.944304526105059e-31 0.0 0.0 0.0 1.0
1.36 3.2410636176681784 -0.1772211461667481 0.0 0.0 0.0 0.0 1.0
1.4 3.2410636176681784 -0.13469883504289837 0.0 0.0 0.0 0.0 1.0
1.44 3.2410636176681784 -0.07091053962453714 0.0 0.0 0.0 0.0 1.0
1.48 3.2410636176681784 0.004072970819184618 0.0 0.0 0.0 0.0 1.0
1.52 3.2410636176681784 0.07841344872706241 0.0 0.0 0.0 0.0 1.0
1.56 3.2410636176681784 0.14037416723630064 0.0 0.0 0.0 0.0 1.0
1.6 3.2410636176681784 0.1801728912869257 -3.944304526105059e-31 0.0 0.0 0.0 1.0
1.64 3.2410636176681784 0.19152627744591866 0.0 0.0 0.0 0.0 1.0
1.68 3.2410636176681784 0.17264187567709466 -3.944304526105059e-31 0.0 0.0 0.0 1.0
1.72 3.2410636176681784 0.12650111778941597 -3.944304526105059e-31 0.0 0.0 0.0 1.0
1.76 3.2410636176681784 0.06038861491009606 0.0 0.0 0.0 0.0 1.0
1.8 3.2410636176681784 -0.015257922438314253 0.0 0.0 0.0 0.0 1.0
1.84 3.2410636176681784 -0.08849556932500213 0.0 0.0 0.0 0.0 1.0
1.88 3.2410636176681784 -0.1477617116563601 0.0 0.0 0.0 0.0 1.0
1.92 3.2410636176681784 -0.1836995287025483 0.0 0.0 0.0 0.0 1.0
1.96 3.2410636176681784 -0.19063522935290084 0.0 0.0 0.0 0.0 1.0
2.0 3.2410636176681784 -0.16747381897695335 0.0 0.0 0.0 0.0 1.0
2.04 3.2410636176681784 -0.1178719749998432 0.0 0.0 0.0 0.0 1.0
2.08 3.2410636176681784 -0.04966073793992365 -3.944304526105059e-31 0.0 0.0 0.0 1.0
2.12 3.2410636176681784 0.02639083770011752 0.0 0.0 0.0 0.0 1.0
2.16 3.2410636176681784 0.09827588034920115 0.0 0.0 0.0 0.0 1.0
2.2 3.2410636176681784 0.15464532238177015 0.0 0.0 0.0 0.0 1.0
2.24 3.2410636176681784 0.18659966835249892 0.0 0.0 0.0 0.0 1.0
2.28 3.2410636176681784 0.18909402964495248 0.0 0.0 0.0 0.0 1.0
2.32 3.2410636176681784 0.16173460145708296 0.0 0.0 0.0 0.0 1.0
2.36 3.2410636176681784 0.10884083592049032 -7.888609052210118e-31 0.0 0.0 0.0 1.0
2.4 3.2410636176681784 0.038763495584980046 0.0 0.0 0.0 0.0 1.0
2.44 3.241063617668178 -0.03743374837143343 0.0 0.0 0.0 0.0 1.0
2.48 3.241063617668178 -0.10772102655347326 0.0 0.0 0.0 0.0 1.0
2.52 3.241063617668178 -0.16100152321327266 0.0 0.0 0.0 0.0 1.0
2.56 3.241063617668178 -0.18886341946011787 0.0 0.0 0.0 0.0 1.0
2.6 3.241063617668178 -0.18690793450416732 0.0 0.0 0.0 0.0 1.0
2.64 3.241063617668178 -0.15544379642275086 0.0 0.0 0.0 0.0 1.0
2.68 3.241063617668178 -0.09943850078527511 0.0 0.0 0.0 0.0 1.0
2.72 3.241063617668178 -0.027734052328132752 0.0 0.0 0.0 0.0 1.0
2.76 3.241063617668178 0.048348993175117705 0.0 0.0 0.0 0.0 1.0
2.8 3.241063617668178 0.11679879575395935 0.0 0.0 0.0 0.0 1.0
2.84 3.241063617668178 0.16680863665584522 0.0 0.0 0.0 0.0 1.0
2.88 3.241063617668178 0.19048306161903872 0.0 0.0 0.0 0.0 1.0
2.92 3.241063617668178 0.18408439949524447 0.0 0.0 0.0 0.0 1.0
2.96 3.241063617668178 0.14862285833998812 0.0 0.0 0.0 0.0 1.0
3.0 3.241063617668178 0.08969703577311527 -1.9721522630525295e-31 0.0 0.0 0.0 1.0
3.04 3.241063617668178 0.016610023516607897 0.0 0.0 0.0 0.0 1.0
3.08 3.241063617668178 -0.05909934623187907 0.0 0.0 0.0 0.0 1.0
3.12 3.241063617668178 -0.12547822868711922 0.0 0.0 0.0 0.0 1.0
3.16 3.241063617668178 -0.17204685784867868 0.0 0.0 0.0 0.0 1.0
3.2 3.241063617668178 -0.19145307112323495 0.0 0.0 0.0 0.0 1.0
3.24 3.241063617668178 -0.18063305413866476 0.0 0.0 0.0 0.0 1.0
3.28 3.241063617668178 -0.14129504966623724 0.0 0.0 0.0 0.0 1.0
3.32 3.241063617668178 -0.07964966364787784 0.0 0.0 0.0 0.0 1.0
3.36 3.241063617668178 -0.00542934707678111 0.0 0.0 0.0 0.0 1.0
3.4 3.241063617668178 0.0696481440172233 0.0 0.0 0.0 0.0 1.0
3.44 3.241063617668178 0.13372972459470067 0.0 0.0 0.0 0.0 1.0
3.48 3.241063617668178 0.17669832210863096 0.0 0.0 0.0 0.0 1.0
3.52 3.241063617668178 0.19177013980533486 0.0 0.0 0.0 0.0 1.0
3.56 3.241063617668178 0.1765656690697165 0.0 0.0 0.0 0.0 1.0
3.6 3.241063617668178 0.1334853615149405 0.0 0.0 0.0 0.0 1.0
3.64 3.241063617668178 0.06933065045385478 0.0 0.0 0.0 0.0 1.0
3.68 3.241063617668178 -0.005769845871153811 0.0 0.0 0.0 0.0 1.0
3.72 3.241063617668178 -0.07995941040051002 0.0 0.0 0.0 0.0 1.0
3.76 3.241063617668178 -0.1415251421756023 0.0 0.0 0.0 0.0 1.0
3.8 3.241063617668178 -0.18074716585681155 0.0 0.0 0.0 0.0 1.0
3.84 3.241063617668178 -0.19143318631895534 0.0 0.0 0.0 0.0 1.0
3.88 3.241063617668178 -0.1718961158953417 0.0 0.0 0.0 0.0 1.0
3.92 3.241063617668178 -0.12522042842464087 0.0 0.0 0.0 0.0 1.0
3.96 3.241063617668178 -0.05877518865319281 9.860761315262648e-32 0.0 0.0 0.0 1.0
4.0 3.241063617668178 0.01694936105740713 9.860761315262648e-32 0.0 0.0 0.0 1.0
3
0 0.0 0.0 0.0 0.0 0.0 0.0 1.0
2.0 0.0 0.0 0.0 0.0 0.0 0.0 1.0
4.0 0.0 0.0 0.0 0.0 0.0 0.0 1.0
101
0 3.258414994471366 -0.17958450067355913 -3.944304526105059e-31 0.0 0.0 0.0 1.0
0.04 3.258414994471366 -0.139212194372537 0.0 0.0 0.0 0.0 1.0
0.08 3.258414994471366 -0.07686134357862434 -7.888609052210118e-31 0.0 0.0 0.0 1.0
0.12 3.258414994471366 -0.002375776661313056 0.0 0.0 0.0 0.0 1.0
0.16 3.258414994471366 0.07248487315222857 -3.944304526105059e-31 0.0 0.0 0.0 1.0
0.2 3.258414994471366 0.13590175529284254 0.0 0.0 0.0 0.0 1.0
0.24 3.258414994471366 0.17786273848129613 -3.944304526105059e-31 0.0 0.0 0.0 1.0
0.28 3.258414994471366 0.19174310611047307 3.944304526105059e-31 0.0 0.0 0.0 1.0
0.32 3.258414994471366 0.17535145333333002 -7.888609052210118e-31 0.0 0.0 0.0 1.0
0.36 3.258414994471366 0.1312756617036217 -7.888609052210118e-31 0.0 0.0 0.0 1.0
0.4 3.258414994471366 0.06647432958091859 0.0 0.0 0.0 0.0 1.0
0.44 3.258414994471366 -0.008821837544669253 -7.888609052210118e-31 0.0 0.0 0.0 1.0
0.48 3.258414994471366 -0.08272523049656866 0.0 0.0 0.0 0.0 1.0
0.52 3.258414994471366 -0.14356812851590506 -7.888609052210118e-31 0.0 0.0 0.0 1.0
0.56 3.258414994471366 -0.18174477581941872 -3.944304526105059e-31 0.0 0.0 0.0 1.0
0.6 3.258414994471366 -0.19122791922622523 -3.944304526105059e-31 0.0 0.0 0.0 1.0
0.64 3.258414994471366 -0.1705203789078023 -7.888609052210118e-31 0.0 0.0 0.0 1.0
0.68 3.258414994471366 -0.1228914201629126 -3.944304526105059e-31 0.0 0.0 0.0 1.0
0.72 3.258414994471366 -0.05586060831155504 3.944304526105059e-31 0.0 0.0 0.0 1.0
0.76 3.258414994471366 0.019989365328819564 -3.944304526105059e-31 0.0 0.0 0.0 1.0
0.8 3.258414994471364 0.09268345771005371 0.0 0.0 0.0 0.0 1.0
0.84 3.258414994471364 0.15074487004327325 -3.944304526105059e-31 0.0 0.0 0.0 1.0
0.88 3.258414994471364 0.1850069819757323 -3.944304526105059e-31 0.0 0.0 0.0 1.0
0.92 3.258414994471364 0.19006055938881028 0.0 0.0 0.0 0.0 1.0
0.96 3.258414994471364 0.16510775352707185 0.0 0.0 0.0 0.0 1.0
1.0 3.258414994471364 0.11408806377364589 0.0 0.0 0.0 0.0 1.0
1.04 3.258414994471364 0.04505637731936574 0.0 0.0 0.0 0.0 1.0
1.08 3.258414994471364 -0.031088720413757653 0.0 0.0 0.0 0.0 1.0
1.12 3.258414994471364 -0.10232559277251274 0.0 0.0 0.0 0.0 1.0
1.16 3.258414994471364 -0.15740750396821213 0.0 0.0 0.0 0.0 1.0
1.2 3.258414994471364 -0.18763823136443636 3.944304526105059e-31 0.0 0.0 0.0 1.0
1.24 3.258414994471364 -0.18824500781873 0.0 0.0 0.0 0.0 1.0
1.28 3.258414994471364 -0.1591320366707646 0.0 0.0 0.0 0.0 1.0
1.32 3.258414994471364 -0.10489561592862545 0.0 0.0 0.0 0.0 1.0
1.36 3.258414994471364 -0.03409848387676512 0.0 0.0 0.0 0.0 1.0
1.4 3.258414994471364 0.042082049021576196 0.0 0.0 0.0 0.0 1.0
1.44 3.258414994471364 0.11161875167974727 0.0 0.0 0.0 0.0 1.0
1.48 3.258414994471364 0.16353330772144276 0.0 0.0 0.0 0.0 1.0
1.52 3.258414994471364 0.18962955024523592 0.0 0.0 0.0 0.0 1.0
1.56 3.258414994471364 0.1857874563609513 0.0 0.0 0.0 0.0 1.0
1.6 3.258414994471364 0.15261360821293501 -3.944304526105059e-31 0.0 0.0 0.0 1.0
1.64 3.258414994471364 0.09534542699699455 0.0 0.0 0.0 0.0 1.0
1.68 3.258414994471364 0.02302429931402694 -3.944304526105059e-31 0.0 0.0 0.0 1.0
1.72 3.258414994471364 -0.05293185897219854 -3.944304526105059e-31 0.0 0.0 0.0 1.0
1.76 3.258414994471364 -0.12053124059273512 0.0 0.0 0.0 0.0 1.0
1.8 3.258414994471364 -0.16910138956529208 0.0 0.0 0.0 0.0 1.0
1.84 3.258414994471364 -0.19097414732781892 0.0 0.0 0.0 0.0 1.0
1.88 3.258414994471364 -0.18269628636793672 -3.944304526105059e-31 0.0 0.0 0.0 1.0
1.92 3.258414994471364 -0.14557469891755603 -3.944304526105059e-31 0.0 0.0 0.0 1.0
1.96 3.258414994471364 -0.0854700674054128 -3.944304526105059e-31 0.0 0.0 0.0 1.0
2.0 3.258414994471364 -0.011871591566290585 0.0 0.0 0.0 0.0 1.0
2.04 3.258414994471364 0.06360114754852497 -3.944304526105059e-31 0.0 0.0 0.0 1.0
2.08 3.258414994471364 0.1290326639278282 -3.944304526105059e-31 0.0 0.0 0.0 1.0
2.12 3.258414994471364 0.17409275984388628 0.0 0.0 0.0 0.0 1.0
2.16 3.258414994471364 0.19166743693320226 0.0 0.0 0.0 0.0 1.0
2.2 3.258414994471364 0.1789820401154752 0.0 0.0 0.0 0.0 1.0
2.24 3.258414994471364 0.1380393146216451 0.0 0.0 0.0 0.0 1.0
2.28 3.258414994471364 0.07530321655830452 0.0 0.0 0.0 0.0 1.0
2.32 3.258414994471364 0.0006783963679669602 0.0 0.0 0.0 0.0 1.0
2.36 3.258414994471363 -0.07405352769228879 0.0 0.0 0.0 0.0 1.0
2.4 3.258414994471363 -0.1370940280193268 0.0 0.0 0.0 0.0 1.0
2.44 3.2584149944713636 -0.17849039574639186 0.0 0.0 0.0 0.0 1.0
2.48 3.2584149944713636 -0.1917070546329534 0.0 0.0 0.0 0.0 1.0
2.52 3.2584149944713636 -0.174657384848795 0.0 0.0 0.0 0.0 1.0
2.56 3.2584149944713636 -0.1300331543645975 0.0 0.0 0.0 0.0 1.0
2.6 3.2584149944713636 -0.06487954797597889 0.0 0.0 0.0 0.0 1.0
2.64 3.2584149944713636 0.010517112466172152 0.0 0.0 0.0 0.0 1.0
2.68 3.2584149944713636 0.08425335210024354 -1.9721522630525295e-31 0.0 0.0 0.0 1.0
2.72 3.2584149944713636 0.14468784000087914 0.0 0.0 0.0 0.0 1.0
2.76 3.2584149944713636 0.1822792993624361 0.0 0.0 0.0 0.0 1.0
2.8 3.2584149944713636 0.19109286531295117 -1.9721522630525295e-31 0.0 0.0 0.0 1.0
2.84 3.2584149944713636 0.1697370695815763 -1.9721522630525295e-31 0.0 0.0 0.0 1.0
2.88 3.2584149944713636 0.12158352274293616 0.0 0.0 0.0 0.0 1.0
2.92 3.2584149944713636 0.054234611042384806 -1.9721522630525295e-31 0.0 0.0 0.0 1.0
2.96 3.2584149944713636 -0.021676753230817303 0.0 0.0 0.0 0.0 1.0
3.0 3.2584149944713636 -0.09416583479744867 1.9721522630525295e-31 0.0 0.0 0.0 1.0
3.04 3.2584149944713636 -0.15178820156848183 0.0 0.0 0.0 0.0 1.0
3.08 3.2584149944713636 -0.18544654883170375 0.0 0.0 0.0 0.0 1.0
3.12 3.2584149944713636 -0.18982696363418555 -1.9721522630525295e-31 0.0 0.0 0.0 1.0
3.16 3.2584149944713636 -0.1642378747952009 -1.9721522630525295e-31 0.0 0.0 0.0 1.0
3.2 3.2584149944713636 -0.112719236789393 0.0 0.0 0.0 0.0 1.0
3.24 3.2584149944713636 -0.043404709765767546 0.0 0.0 0.0 0.0 1.0
3.28 3.2584149944713636 0.03276246654686121 0.0 0.0 0.0 0.0 1.0
3.32 3.2584149944713636 0.1037571697730455 -1.9721522630525295e-31 0.0 0.0 0.0 1.0
3.36 3.2584149944713636 0.1583708973053144 0.0 0.0 0.0 0.0 1.0
3.4 3.2584149944713636 0.1879813424132769 0.0 0.0 0.0 0.0 1.0
3.44 3.2584149944713636 0.187913666889025 0.0 0.0 0.0 0.0 1.0
3.48 3.2584149944713636 0.15817855520978807 -1.9721522630525295e-31 0.0 0.0 0.0 1.0
3.52 3.2584149944713636 0.10347052769390919 0.0 0.0 0.0 0.0 1.0
3.56 3.2584149944713636 0.0324267789657231 0.0 0.0 0.0 0.0 1.0
3.6 3.2584149944713636 -0.04373644516094777 0.0 0.0 0.0 0.0 1.0
3.64 3.2584149944713636 -0.11299464627391365 0.0 0.0 0.0 0.0 1.0
3.68 3.2584149944713636 -0.1644134772671635 0.0 0.0 0.0 0.0 1.0
3.72 3.2584149944713636 -0.1898750353244143 0.0 0.0 0.0 0.0 1.0
3.76 3.2584149944713636 -0.18535950027731285 0.0 0.0 0.0 0.0 1.0
3.8 3.2584149944713636 -0.15157977582218496 -9.860761315262648e-32 0.0 0.0 0.0 1.0
3.84 3.2584149944713636 -0.09386893770172 0.0 0.0 0.0 0.0 1.0
3.88 3.2584149944713636 -0.02133825830889735 0.0 0.0 0.0 0.0 1.0
3.92 3.2584149944713636 0.054561262885154505 -9.860761315262648e-32 0.0 0.0 0.0 1.0
3.96 3.2584149944713636 0.12184676036300246 -9.860761315262648e-32 0.0 0.0 0.0 1.0
4.0 3.2584149944713636 0.1698953335468023 -9.860761315262648e-32 0.0 0.0 0.0 1.0
3
0 0.0 0.0 0.0 0.0 0.0 0.0 1.0
2.0 0.0 0.0 0.0 0.0 0.0 0.0 1.0
4.0 0.0 0.0 0.0 0.0 0.0 0.0 1.0
101
0 3.4088561646352282 -0.04042435587104204 0.0 0.0 0.0 0.0 1.0
0.04 3.4088561646352282 0.035767517266705795 0.0 0.0 0.0 0.0 1.0
0.08 3.4088561646352282 0.10631248588441666 3.944304526105059e-31 0.0 0.0 0.0 1.0
0.12 3.4088561646352282 0.16007305058053134 0.0 0.0 0.0 0.0 1.0
0.16 3.4088561646352282 0.18856160027713992 3.944304526105059e-31 0.0 0.0 0.0 1.0
0.2 3.4088561646352282 0.18728041938354295 0.0 0.0 0.0 0.0 1.0
0.24 3.4088561646352282 0.15643177819222664 0.0 0.0 0.0 0.0 1.0
0.28 3.4088561646352282 0.10088599884719929 -3.944304526105059e-31 0.0 0.0 0.0 1.0
0.32 3.4088561646352282 0.029412538566123914 3.944304526105059e-31 0.0 0.0 0.0 1.0
0.36 3.4088561646352282 -0.04670451483147464 3.944304526105059e-31 0.0 0.0 0.0 1.0
0.4 3.4088561646352282 -0.1154479522763251 0.0 0.0 0.0 0.0 1.0
0.44 3.4088561646352282 -0.16596469652698453 3.944304526105059e-31 0.0 0.0 0.0 1.0
0.48 3.4088561646352282 -0.19027926442873805 0.0 0.0 0.0 0.0 1.0
0.52 3.4088561646352282 -0.18455292033875803 3.944304526105059e-31 0.0 0.0 0.0 1.0
0.56 3.4088561646352282 -0.1496897280779652 0.0 0.0 0.0 0.0 1.0
0.6 3.4088561646352282 -0.09119381913226676 0.0 0.0 0.0 0.0 1.0
0.64 3.4088561646352282 -0.0183004113158044 3.944304526105059e-31 0.0 0.0 0.0 1.0
0.68 3.4088561646352282 0.05748222905787381 0.0 0.0 0.0 0.0 1.0
0.72 3.4088561646352282 0.12418968938289776 -3.944304526105059e-31 0.0 0.0 0.0 1.0
0.76 3.4088561646352282 0.17129032843796915 0.0 0.0 0.0 0.0 1.0
0.8 3.4088561646352282 0.19134799096541516 0.0 0.0 0.0 0.0 1.0
0.84 3.4088561646352282 0.18119601308015165 -3.944304526105059e-31 0.0 0.0 0.0 1.0
0.88 3.4088561646352282 0.1424371688685131 -3.944304526105059e-31 0.0 0.0 0.0 1.0
0.92 3.4088561646352282 0.08119062760182749 0.0 0.0 0.0 0.0 1.0
0.96 3.4088561646352282 0.007125871456801658 0.0 0.0 0.0 0.0 1.0
1.0 3.4088561646352282 -0.06806390310755073 0.0 0.0 0.0 0.0 1.0
1.04 3.4088561646352282 -0.132507883960715 0.0 0.0 0.0 0.0 1.0
1.08 3.4088561646352282 -0.17603178352059956 0.0 0.0 0.0 0.0 1.0
1.12 3.4088561646352282 -0.19176413505045348 0.0 0.0 0.0 0.0 1.0
1.16 3.4088561646352282 -0.17722114616674844 0.0 0.0 0.0 0.0 1.0
1.2 3.4088561646352282 -0.13469883504289837 -7.888609052210118e-31 0.0 0.0 0.0 1.0
1.24 3.4088561646352282 -0.07091053962453714 0.0 0.0 0.0 0.0 1.0
1.28 3.4088561646352282 0.004072970819184618 0.0 0.0 0.0 0.0 1.0
1.32 3.4088561646352282 0.07841344872706307 0.0 0.0 0.0 0.0 1.0
1.36 3.4088561646352282 0.14037416723630064 0.0 0.0 0.0 0.0 1.0
1.4 3.4088561646352282 0.1801728912869257 0.0 0.0 0.0 0.0 1.0
1.44 3.4088561646352282 0.19152627744591866 0.0 0.0 0.0 0.0 1.0
1.48 3.4088561646352282 0.17264187567709466 0.0 0.0 0.0 0.0 1.0
1.52 3.4088561646352282 0.12650111778941597 0.0 0.0 0.0 0.0 1.0
1.56 3.4088561646352282 0.06038861491009606 0.0 0.0 0.0 0.0 1.0
1.6 3.4088561646352282 -0.015257922438314253 3.944304526105059e-31 0.0 0.0 0.0 1.0
1.64 3.4088561646352282 -0.08849556932500158 0.0 0.0 0.0 0.0 1.0
1.68 3.4088561646352282 -0.14776171165636054 3.944304526105059e-31 0.0 0.0 0.0 1.0
1.72 3.4088561646352282 -0.1836995287025483 3.944304526105059e-31 0.0 0.0 0.0 1.0
1.76 3.4088561646352282 -0.19063522935290084 0.0 0.0 0.0 0.0 1.0
1.8 3.4088561646352282 -0.16747381897695335 0.0 0.0 0.0 0.0 1.0
1.84 3.4088561646352282 -0.1178719749998427 0.0 0.0 0.0 0.0 1.0
1.88 3.4088561646352282 -0.049660737939924315 7.888609052210118e-31 0.0 0.0 0.0 1.0
1.92 3.4088561646352282 0.026390837700116798 -3.944304526105059e-31 0.0 0.0 0.0 1.0
1.96 3.4088561646352282 0.09827588034920115 -3.944304526105059e-31 0.0 0.0 0.0 1.0
2.0 3.4088561646352282 0.15464532238177015 0.0 0.0 0.0 0.0 1.0
2.04 3.4088561646352282 0.18659966835249875 -3.944304526105059e-31 0.0 0.0 0.0 1.0
2.08 3.4088561646352282 0.18909402964495237 3.944304526105059e-31 0.0 0.0 0.0 1.0
2.12 3.4088561646352282 0.16173460145708252 0.0 0.0 0.0 0.0 1.0
2.16 3.4088561646352282 0.10884083592048976 -3.944304526105059e-31 0.0 0.0 0.0 1.0
2.2 3.4088561646352282 0.038763495584980046 0.0 0.0 0.0 0.0 1.0
2.24 3.4088561646352282 -0.037433748371434095 -3.944304526105059e-31 0.0 0.0 0.0 1.0
2.28 3.4088561646352282 -0.10772102655347271 0.0 0.0 0.0 0.0 1.0
2.32 3.4088561646352282 -0.16100152321327266 0.0 0.0 0.0 0.0 1.0
2.36 3.408856164635229 -0.18886341946011775 3.944304526105059e-31 0.0 0.0 0.0 1.0
2.4 3.408856164635229 -0.18690793450416732 0.0 0.0 0.0 0.0 1.0
2.44 3.408856164635229 -0.15544379642275125 -3.944304526105059e-31 0.0 0.0 0.0 1.0
2.48 3.408856164635229 -0.09943850078527511 -3.944304526105059e-31 0.0 0.0 0.0 1.0
2.52 3.408856164635229 -0.02773405232813342 0.0 0.0 0.0 0.0 1.0
2.56 3.408856164635229 0.04834899317511843 0.0 0.0 0.0 0.0 1.0
2.6 3.408856164635229 0.11679879575395935 0.0 0.0 0.0 0.0 1.0
2.64 3.408856164635229 0.16680863665584567 0.0 0.0 0.0 0.0 1.0
2.68 3.408856164635229 0.19048306161903883 0.0 0.0 0.0 0.0 1.0
2.72 3.408856164635229 0.18408439949524374 0.0 0.0 0.0 0.0 1.0
2.76 3.408856164635229 0.14862285833998834 -3.944304526105059e-31 0.0 0.0 0.0 1.0
2.8 3.408856164635229 0.08969703577311527 0.0 0.0 0.0 0.0 1.0
2.84 3.4088561646352282 0.016610023516607897 0.0 0.0 0.0 0.0 1.0
2.88 3.4088561646352282 -0.05909934623187907 0.0 0.0 0.0 0.0 1.0
2.92 3.4088561646352282 -0.12547822868711922 0.0 0.0 0.0 0.0 1.0
2.96 3.4088561646352282 -0.17204685784867868 -1.9721522630525295e-31 0.0 0.0 0.0 1.0
3.0 3.4088561646352282 -0.19145307112323495 -1.9721522630525295e-31 0.0 0.0 0.0 1.0
3.04 3.4088561646352282 -0.18063305413866526 0.0 0.0 0.0 0.0 1.0
3.08 3.4088561646352282 -0.14129504966623724 -1.9721522630525295e-31 0.0 0.0 0.0 1.0
3.12 3.4088561646352282 -0.07964966364787657 0.0 0.0 0.0 0.0 1.0
3.16 3.4088561646352282 -0.00542934707678111 0.0 0.0 0.0 0.0 1.0
3.2 3.4088561646352282 0.0696481440172233 -1.9721522630525295e-31 0.0 0.0 0.0 1.0
3.24 3.4088561646352282 0.13372972459470156 0.0 0.0 0.0 0.0 1.0
3.28 3.4088561646352282 0.17669832210863096 0.0 0.0 0.0 0.0 1.0
3.32 3.4088561646352282 0.19177013980533475 0.0 0.0 0.0 0.0 1.0
3.36 3.4088561646352282 0.1765656690697165 0.0 0.0 0.0 0.0 1.0
3.4 3.4088561646352282 0.1334853615149405 -1.9721522630525295e-31 0.0 0.0 0.0 1.0
3.44 3.4088561646352282 0.06933065045385478 -1.9721522630525295e-31 0.0 0.0 0.0 1.0
3.48 3.4088561646352282 -0.005769845871152368 0.0 0.0 0.0 0.0 1.0
3.52 3.4088561646352282 -0.07995941040051002 0.0 0.0 0.0 0.0 1.0
3.56 3.4088561646352282 -0.1415251421756033 -1.9721522630525295e-31 0.0 0.0 0.0 1.0
3.6 3.4088561646352282 -0.18074716585681155 -1.9721522630525295e-31 0.0 0.0 0.0 1.0
3.64 3.4088561646352282 -0.19143318631895534 -1.9721522630525295e-31 0.0 0.0 0.0 1.0
3.68 3.4088561646352282 -0.17189611589534104 0.0 0.0 0.0 0.0 1.0
3.72 3.4088561646352282 -0.12522042842464087 -1.9721522630525295e-31 0.0 0.0 0.0 1.0
3.76 3.4088561646352282 -0.058775188653194144 -1.9721522630525295e-31 0.0 0.0 0.0 1.0
3.8 3.4088561646352282 0.01694936105740713 0.0 0.0 0.0 0.0 1.0
3.84 3.4088561646352282 0.08999797933969117 -1.9721522630525295e-31 0.0 0.0 0.0 1.0
3.88 3.4088561646352282 0.14883789556032717 -9.860761315262648e-32 0.0 0.0 0.0 1.0
3.92 3.4088561646352282 0.18417958072049445 0.0 0.0 0.0 0.0 1.0
3.96 3.4088561646352282 0.19044335982657867 0.0 0.0 0.0 0.0 1.0
4.0 3.4088561646352282 0.16664031988574102 0.0 0.0 0.0 0.0 1.0
3
0 0.0 0.0 0.0 0.0 0.0 0.0 1.0
2.0 0.0 0.0 0.0 0.0 0.0 0.0 1.0
4.0 0.0 0.0 0.0 0.0 0.0 0.0 1.0
3
0 0.0 0.0 0.0 0.0 0.0 0.0 1.0
2.0 0.0 0.0 0.0 0.0 0.0 0.0 1.0
4.0 0.0 0.0 0.0 0.0 0.0 0.0 1.0
