3
0 -11.819375149667938 0.0 2.4621999555196926e-15 0.0 1.0 0.0 6.123233995736766e-17
2.5 -11.819375149667938 0.0 2.4621999555196926e-15 0.0 1.0 0.0 6.123233995736766e-17
5.0 -11.819375149667938 0.0 2.4621999555196926e-15 0.0 1.0 0.0 6.123233995736766e-17
3
0 3.290734297963226 0.0 3.944304526105059e-31 0.0 0.0 0.0 1.0
2.5 3.290734297963226 0.0 3.944304526105059e-31 0.0 0.0 0.0 1.0
5.0 3.290734297963226 0.0 3.944304526105059e-31 0.0 0.0 0.0 1.0
3
0 3.2623371178127716 0.0 0.0 0.0 0.0 0.0 1.0
2.5 3.2623371178127716 0.0 0.0 0.0 0.0 0.0 1.0
5.0 3.2623371178127716 0.0 0.0 0.0 0.0 0.0 1.0
3
0 3.2410636176681784 0.0 -3.944304526105059e-31 0.0 0.0 0.0 1.0
2.5 3.2410636176681784 0.0 -3.944304526105059e-31 0.0 0.0 0.0 1.0
5.0 3.2410636176681784 0.0 -3.944304526105059e-31 0.0 0.0 0.0 1.0
3
0 3.258414994471364 0.0 0.0 0.0 0.0 0.0 1.0
2.5 3.258414994471364 0.0 0.0 0.0 0.0 0.0 1.0
5.0 3.258414994471364 0.0 0.0 0.0 0.0 0.0 1.0
3
0 3.4088561646352282 0.0 3.944304526105059e-31 0.0 0.0 -0.010311928795627203 0.999946830648767
2.5 3.4088561646352282 0.0 3.944304526105059e-31 0.0 0.0 -0.010311928795627203 0.999946830648767
5.0 3.4088561646352282 0.0 3.944304526105059e-31 0.0 0.0 -0.010311928795627203 0.999946830648767
