0.0 6.428992555413444 -1.5763167365381774
-6.259143206454486e-16 4.930380657631324e-32 1.376544314493929
1.2518540965467948 0.091 -0.01934737602384387
-0.060908161291079996 1.9721522630525295e-31 -3.148567209285229
-1.2516615526329748 0.09099532031698576 0.029087221544498575
1.2796275927425285e-15 -3.176356758437832e-15 4.768346371232146
-6.957251557407742e-16 3.712329230477698e-13 3.5077836938519376
-2.1656000224701846e-16 -3.7037275525562174e-16 2.332565369967303
-1.2039866200331029e-16 -5.781002270414201e-14 3.5077837321305894
1.0053950802513074e-13 8.881784197001251e-16 6.13518302232953
-1.6591056152329828e-15 1.988707841802804e-15 5.4618726023289454
2.436282578909461e-15 2.0181986873246135e-16 5.461912132440435
-4.831555276626476e-14 2.5167175940467054e-15 5.9900522016297515
