201
0 0.0 6.428992555413444 -1.5763167365381774 0.0 0.9999532347414092 0.0 0.00967100461132512
0.041666666666666664 0.0 6.428510103415688 -1.5763167365381774 0.0 0.9999532347414092 0.0 0.00967100461132512
0.08333333333333333 0.0 6.427088825908783 -1.5763167365381774 0.0 0.9999532347414092 0.0 0.00967100461132512
0.125 0.0 6.424767840622278 -1.5763167365381774 0.0 0.9999532347414092 0.0 0.00967100461132512
0.16666666666666666 0.0 6.42158626528572 -1.5763167365381774 0.0 0.9999532347414092 0.0 0.00967100461132512
0.20833333333333334 0.0 6.417583217628658 -1.5763167365381774 0.0 0.9999532347414092 0.0 0.00967100461132512
0.25 0.0 6.412797815380639 -1.5763167365381774 0.0 0.9999532347414092 0.0 0.00967100461132512
0.2916666666666667 0.0 6.407269176271211 -1.5763167365381774 0.0 0.9999532347414092 0.0 0.00967100461132512
0.3333333333333333 0.0 6.401036418029922 -1.5763167365381774 0.0 0.9999532347414092 0.0 0.00967100461132512
0.375 0.0 6.39413865838632 -1.5763167365381774 0.0 0.9999532347414092 0.0 0.00967100461132512
0.4166666666666667 0.0 6.386615015069952 -1.5763167365381774 0.0 0.9999532347414092 0.0 0.00967100461132512
0.4583333333333333 0.0 6.378504605810367 -1.5763167365381774 0.0 0.9999532347414092 0.0 0.00967100461132512
0.5 0.0 6.369846548337112 -1.5763167365381774 0.0 0.9999532347414092 0.0 0.00967100461132512
0.5416666666666666 0.0 6.360679960379735 -1.5763167365381774 0.0 0.9999532347414092 0.0 0.00967100461132512
0.5833333333333334 0.0 6.351043959667784 -1.5763167365381774 0.0 0.9999532347414092 0.0 0.00967100461132512
0.625 0.0 6.340977663930807 -1.5763167365381774 0.0 0.9999532347414092 0.0 0.00967100461132512
0.6666666666666666 0.0 6.330520190898351 -1.5763167365381774 0.0 0.9999532347414092 0.0 0.00967100461132512
0.7083333333333334 0.0 6.3197106582999645 -1.5763167365381774 0.0 0.9999532347414092 0.0 0.00967100461132512
0.75 0.0 6.308588183865196 -1.5763167365381774 0.0 0.9999532347414092 0.0 0.00967100461132512
0.7916666666666666 0.0 6.297191885323592 -1.5763167365381774 0.0 0.9999532347414092 0.0 0.00967100461132512
0.8333333333333334 0.0 6.285560880404701 -1.5763167365381774 0.0 0.9999532347414092 0.0 0.00967100461132512
0.875 0.0 6.273734286838072 -1.5763167365381774 0.0 0.9999532347414092 0.0 0.00967100461132512
0.9166666666666666 0.0 6.26175122235325 -1.5763167365381774 0.0 0.9999532347414092 0.0 0.00967100461132512
0.9583333333333334 0.0 6.249650804679785 -1.5763167365381774 0.0 0.9999532347414092 0.0 0.00967100461132512
1.0 0.0 6.237472151547225 -1.5763167365381774 0.0 0.9999532347414092 0.0 0.00967100461132512
1.0416666666666667 0.0 6.225254380685117 -1.5763167365381774 0.0 0.9999532347414092 0.0 0.00967100461132512
1.0833333333333333 0.0 6.213036609823008 -1.5763167365381774 0.0 0.9999532347414092 0.0 0.00967100461132512
1.125 0.0 6.200857956690448 -1.5763167365381774 0.0 0.9999532347414092 0.0 0.00967100461132512
1.1666666666666667 0.0 6.188757539016983 -1.5763167365381774 0.0 0.9999532347414092 0.0 0.00967100461132512
1.2083333333333333 0.0 6.176774474532161 -1.5763167365381774 0.0 0.9999532347414092 0.0 0.00967100461132512
1.25 0.0 6.164947880965531 -1.5763167365381774 0.0 0.9999532347414092 0.0 0.00967100461132512
1.2916666666666667 0.0 6.153316876046641 -1.5763167365381774 0.0 0.9999532347414092 0.0 0.00967100461132512
1.3333333333333333 0.0 6.1419205775050365 -1.5763167365381774 0.0 0.9999532347414092 0.0 0.00967100461132512
1.375 0.0 6.130798103070268 -1.5763167365381774 0.0 0.9999532347414092 0.0 0.00967100461132512
1.4166666666666667 0.0 6.1199885704718815 -1.5763167365381774 0.0 0.9999532347414092 0.0 0.00967100461132512
1.4583333333333333 0.0 6.109531097439426 -1.5763167365381774 0.0 0.9999532347414092 0.0 0.00967100461132512
1.5 0.0 6.099464801702449 -1.5763167365381774 0.0 0.9999532347414092 0.0 0.00967100461132512
1.5416666666666667 0.0 6.089828800990498 -1.5763167365381774 0.0 0.9999532347414092 0.0 0.00967100461132512
1.5833333333333333 0.0 6.080662213033121 -1.5763167365381774 0.0 0.9999532347414092 0.0 0.00967100461132512
1.625 0.0 6.072004155559866 -1.5763167365381774 0.0 0.9999532347414092 0.0 0.00967100461132512
1.6666666666666667 0.0 6.06389374630028 -1.5763167365381774 0.0 0.9999532347414092 0.0 0.00967100461132512
1.7083333333333333 0.0 6.056370102983913 -1.5763167365381774 0.0 0.9999532347414092 0.0 0.00967100461132512
1.75 0.0 6.049472343340311 -1.5763167365381774 0.0 0.9999532347414092 0.0 0.00967100461132512
1.7916666666666667 0.0 6.0432395850990215 -1.5763167365381774 0.0 0.9999532347414092 0.0 0.00967100461132512
1.8333333333333333 0.0 6.037710945989594 -1.5763167365381774 0.0 0.9999532347414092 0.0 0.00967100461132512
1.875 0.0 6.032925543741575 -1.5763167365381774 0.0 0.9999532347414092 0.0 0.00967100461132512
1.9166666666666667 0.0 6.028922496084513 -1.5763167365381774 0.0 0.9999532347414092 0.0 0.00967100461132512
1.9583333333333333 0.0 6.025740920747955 -1.5763167365381774 0.0 0.9999532347414092 0.0 0.00967100461132512
2.0 0.0 6.02341993546145 -1.5763167365381774 0.0 0.9999532347414092 0.0 0.00967100461132512
2.0416666666666665 0.0 6.021998657954545 -1.5763167365381774 0.0 0.9999532347414092 0.0 0.00967100461132512
2.0833333333333335 0.0 6.021516205956789 -1.5763167365381774 0.0 0.9999532347414092 0.0 0.00967100461132512
2.125 0.0 6.021998657954545 -1.5763167365381774 0.0 0.9999532347414092 0.0 0.00967100461132512
2.1666666666666665 0.0 6.02341993546145 -1.5763167365381774 0.0 0.9999532347414092 0.0 0.00967100461132512
2.2083333333333335 0.0 6.025740920747955 -1.5763167365381774 0.0 0.9999532347414092 0.0 0.00967100461132512
2.25 0.0 6.028922496084513 -1.5763167365381774 0.0 0.9999532347414092 0.0 0.00967100461132512
2.2916666666666665 0.0 6.032925543741575 -1.5763167365381774 0.0 0.9999532347414092 0.0 0.00967100461132512
2.3333333333333335 0.0 6.037710945989594 -1.5763167365381774 0.0 0.9999532347414092 0.0 0.00967100461132512
2.375 0.0 6.0432395850990215 -1.5763167365381774 0.0 0.9999532347414092 0.0 0.00967100461132512
2.4166666666666665 0.0 6.049472343340311 -1.5763167365381774 0.0 0.9999532347414092 0.0 0.00967100461132512
2.4583333333333335 0.0 6.056370102983913 -1.5763167365381774 0.0 0.9999532347414092 0.0 0.00967100461132512
2.5 0.0 6.06389374630028 -1.5763167365381774 0.0 0.9999532347414092 0.0 0.00967100461132512
2.5416666666666665 0.0 6.072004155559866 -1.5763167365381774 0.0 0.9999532347414092 0.0 0.00967100461132512
2.5833333333333335 0.0 6.080662213033121 -1.5763167365381774 0.0 0.9999532347414092 0.0 0.00967100461132512
2.625 0.0 6.089828800990498 -1.5763167365381774 0.0 0.9999532347414092 0.0 0.00967100461132512
2.6666666666666665 0.0 6.099464801702449 -1.5763167365381774 0.0 0.9999532347414092 0.0 0.00967100461132512
2.7083333333333335 0.0 6.109531097439426 -1.5763167365381774 0.0 0.9999532347414092 0.0 0.00967100461132512
2.75 0.0 6.1199885704718815 -1.5763167365381774 0.0 0.9999532347414092 0.0 0.00967100461132512
2.7916666666666665 0.0 6.130798103070268 -1.5763167365381774 0.0 0.9999532347414092 0.0 0.00967100461132512
2.8333333333333335 0.0 6.1419205775050365 -1.5763167365381774 0.0 0.9999532347414092 0.0 0.00967100461132512
2.875 0.0 6.153316876046641 -1.5763167365381774 0.0 0.9999532347414092 0.0 0.00967100461132512
2.9166666666666665 0.0 6.164947880965531 -1.5763167365381774 0.0 0.9999532347414092 0.0 0.00967100461132512
2.9583333333333335 0.0 6.176774474532161 -1.5763167365381774 0.0 0.9999532347414092 0.0 0.00967100461132512
3.0 0.0 6.188757539016983 -1.5763167365381774 0.0 0.9999532347414092 0.0 0.00967100461132512
3.0416666666666665 0.0 6.200857956690448 -1.5763167365381774 0.0 0.9999532347414092 0.0 0.00967100461132512
3.0833333333333335 0.0 6.213036609823008 -1.5763167365381774 0.0 0.9999532347414092 0.0 0.00967100461132512
3.125 0.0 6.225254380685116 -1.5763167365381774 0.0 0.9999532347414092 0.0 0.00967100461132512
3.1666666666666665 0.0 6.237472151547225 -1.5763167365381774 0.0 0.9999532347414092 0.0 0.00967100461132512
3.2083333333333335 0.0 6.249650804679785 -1.5763167365381774 0.0 0.9999532347414092 0.0 0.00967100461132512
3.25 0.0 6.26175122235325 -1.5763167365381774 0.0 0.9999532347414092 0.0 0.00967100461132512
3.2916666666666665 0.0 6.273734286838072 -1.5763167365381774 0.0 0.9999532347414092 0.0 0.00967100461132512
3.3333333333333335 0.0 6.285560880404701 -1.5763167365381774 0.0 0.9999532347414092 0.0 0.00967100461132512
3.375 0.0 6.297191885323592 -1.5763167365381774 0.0 0.9999532347414092 0.0 0.00967100461132512
3.4166666666666665 0.0 6.308588183865195 -1.5763167365381774 0.0 0.9999532347414092 0.0 0.00967100461132512
3.4583333333333335 0.0 6.3197106582999645 -1.5763167365381774 0.0 0.9999532347414092 0.0 0.00967100461132512
3.5 0.0 6.330520190898351 -1.5763167365381774 0.0 0.9999532347414092 0.0 0.00967100461132512
3.5416666666666665 0.0 6.340977663930806 -1.5763167365381774 0.0 0.9999532347414092 0.0 0.00967100461132512
3.5833333333333335 0.0 6.351043959667784 -1.5763167365381774 0.0 0.9999532347414092 0.0 0.00967100461132512
3.625 0.0 6.360679960379735 -1.5763167365381774 0.0 0.9999532347414092 0.0 0.00967100461132512
3.6666666666666665 0.0 6.369846548337112 -1.5763167365381774 0.0 0.9999532347414092 0.0 0.00967100461132512
3.7083333333333335 0.0 6.378504605810367 -1.5763167365381774 0.0 0.9999532347414092 0.0 0.00967100461132512
3.75 0.0 6.386615015069951 -1.5763167365381774 0.0 0.9999532347414092 0.0 0.00967100461132512
3.7916666666666665 0.0 6.39413865838632 -1.5763167365381774 0.0 0.9999532347414092 0.0 0.00967100461132512
3.8333333333333335 0.0 6.401036418029922 -1.5763167365381774 0.0 0.9999532347414092 0.0 0.00967100461132512
3.875 0.0 6.40726917627121 -1.5763167365381774 0.0 0.9999532347414092 0.0 0.00967100461132512
3.9166666666666665 0.0 6.412797815380639 -1.5763167365381774 0.0 0.9999532347414092 0.0 0.00967100461132512
3.9583333333333335 0.0 6.417583217628658 -1.5763167365381774 0.0 0.9999532347414092 0.0 0.00967100461132512
4.0 0.0 6.42158626528572 -1.5763167365381774 0.0 0.9999532347414092 0.0 0.00967100461132512
4.041666666666667 0.0 6.424767840622278 -1.5763167365381774 0.0 0.9999532347414092 0.0 0.00967100461132512
4.083333333333333 0.0 6.427088825908783 -1.5763167365381774 0.0 0.9999532347414092 0.0 0.00967100461132512
4.125 0.0 6.428510103415688 -1.5763167365381774 0.0 0.9999532347414092 0.0 0.00967100461132512
4.166666666666667 0.0 6.428992555413444 -1.5763167365381774 0.0 0.9999532347414092 0.0 0.00967100461132512
4.208333333333333 0.0 6.429334813245551 -1.5763167365381774 0.0 0.9999532347414092 0.0 0.00967100461132512
4.25 0.0 6.430343086318512 -1.5763167365381774 0.0 0.9999532347414092 0.0 0.00967100461132512
4.291666666666667 0.0 6.4319896239972945 -1.5763167365381774 0.0 0.9999532347414092 0.0 0.00967100461132512
4.333333333333333 0.0 6.43424667564686 -1.5763167365381774 0.0 0.9999532347414092 0.0 0.00967100461132512
4.375 0.0 6.437086490632175 -1.5763167365381774 0.0 0.9999532347414092 0.0 0.00967100461132512
4.416666666666667 0.0 6.440481318318202 -1.5763167365381774 0.0 0.9999532347414092 0.0 0.00967100461132512
4.458333333333333 0.0 6.444403408069907 -1.5763167365381774 0.0 0.9999532347414092 0.0 0.00967100461132512
4.5 0.0 6.448825009252253 -1.5763167365381774 0.0 0.9999532347414092 0.0 0.00967100461132512
4.541666666666667 0.0 6.453718371230206 -1.5763167365381774 0.0 0.9999532347414092 0.0 0.00967100461132512
4.583333333333333 0.0 6.459055743368729 -1.5763167365381774 0.0 0.9999532347414092 0.0 0.00967100461132512
4.625 0.0 6.464809375032786 -1.5763167365381774 0.0 0.9999532347414092 0.0 0.00967100461132512
4.666666666666667 0.0 6.470951515587343 -1.5763167365381774 0.0 0.9999532347414092 0.0 0.00967100461132512
4.708333333333333 0.0 6.4774544143973625 -1.5763167365381774 0.0 0.9999532347414092 0.0 0.00967100461132512
4.75 0.0 6.48429032082781 -1.5763167365381774 0.0 0.9999532347414092 0.0 0.00967100461132512
4.791666666666667 0.0 6.49143148424365 -1.5763167365381774 0.0 0.9999532347414092 0.0 0.00967100461132512
4.833333333333333 0.0 6.498850154009847 -1.5763167365381774 0.0 0.9999532347414092 0.0 0.00967100461132512
4.875 0.0 6.506518579491364 -1.5763167365381774 0.0 0.9999532347414092 0.0 0.00967100461132512
4.916666666666667 0.0 6.514409010053166 -1.5763167365381774 0.0 0.9999532347414092 0.0 0.00967100461132512
4.958333333333333 0.0 6.522493695060218 -1.5763167365381774 0.0 0.9999532347414092 0.0 0.00967100461132512
5.0 0.0 6.530744883877484 -1.5763167365381774 0.0 0.9999532347414092 0.0 0.00967100461132512
5.041666666666667 0.0 6.539134825869928 -1.5763167365381774 0.0 0.9999532347414092 0.0 0.00967100461132512
5.083333333333333 0.0 6.547635770402515 -1.5763167365381774 0.0 0.9999532347414092 0.0 0.00967100461132512
5.125 0.0 6.556219966840208 -1.5763167365381774 0.0 0.9999532347414092 0.0 0.00967100461132512
5.166666666666667 0.0 6.564859664547973 -1.5763167365381774 0.0 0.9999532347414092 0.0 0.00967100461132512
5.208333333333333 0.0 6.5735271128907735 -1.5763167365381774 0.0 0.9999532347414092 0.0 0.00967100461132512
5.25 0.0 6.582194561233574 -1.5763167365381774 0.0 0.9999532347414092 0.0 0.00967100461132512
5.291666666666667 0.0 6.590834258941339 -1.5763167365381774 0.0 0.9999532347414092 0.0 0.00967100461132512
5.333333333333333 0.0 6.599418455379032 -1.5763167365381774 0.0 0.9999532347414092 0.0 0.00967100461132512
5.375 0.0 6.607919399911619 -1.5763167365381774 0.0 0.9999532347414092 0.0 0.00967100461132512
5.416666666666667 0.0 6.616309341904063 -1.5763167365381774 0.0 0.9999532347414092 0.0 0.00967100461132512
5.458333333333333 0.0 6.624560530721329 -1.5763167365381774 0.0 0.9999532347414092 0.0 0.00967100461132512
5.5 0.0 6.632645215728381 -1.5763167365381774 0.0 0.9999532347414092 0.0 0.00967100461132512
5.541666666666667 0.0 6.640535646290183 -1.5763167365381774 0.0 0.9999532347414092 0.0 0.00967100461132512
5.583333333333333 0.0 6.6482040717717 -1.5763167365381774 0.0 0.9999532347414092 0.0 0.00967100461132512
5.625 0.0 6.655622741537896 -1.5763167365381774 0.0 0.9999532347414092 0.0 0.00967100461132512
5.666666666666667 0.0 6.662763904953737 -1.5763167365381774 0.0 0.9999532347414092 0.0 0.00967100461132512
5.708333333333333 0.0 6.669599811384185 -1.5763167365381774 0.0 0.9999532347414092 0.0 0.00967100461132512
5.75 0.0 6.676102710194204 -1.5763167365381774 0.0 0.9999532347414092 0.0 0.00967100461132512
5.791666666666667 0.0 6.682244850748761 -1.5763167365381774 0.0 0.9999532347414092 0.0 0.00967100461132512
5.833333333333333 0.0 6.6879984824128185 -1.5763167365381774 0.0 0.9999532347414092 0.0 0.00967100461132512
5.875 0.0 6.693335854551341 -1.5763167365381774 0.0 0.9999532347414092 0.0 0.00967100461132512
5.916666666666667 0.0 6.698229216529294 -1.5763167365381774 0.0 0.9999532347414092 0.0 0.00967100461132512
5.958333333333333 0.0 6.70265081771164 -1.5763167365381774 0.0 0.9999532347414092 0.0 0.00967100461132512
6.0 0.0 6.706572907463345 -1.5763167365381774 0.0 0.9999532347414092 0.0 0.00967100461132512
6.041666666666667 0.0 6.709967735149372 -1.5763167365381774 0.0 0.9999532347414092 0.0 0.00967100461132512
6.083333333333333 0.0 6.712807550134687 -1.5763167365381774 0.0 0.9999532347414092 0.0 0.00967100461132512
6.125 0.0 6.715064601784253 -1.5763167365381774 0.0 0.9999532347414092 0.0 0.00967100461132512
6.166666666666667 0.0 6.716711139463035 -1.5763167365381774 0.0 0.9999532347414092 0.0 0.00967100461132512
6.208333333333333 0.0 6.717719412535996 -1.5763167365381774 0.0 0.9999532347414092 0.0 0.00967100461132512
6.25 0.0 6.718061670368103 -1.5763167365381774 0.0 0.9999532347414092 0.0 0.00967100461132512
6.291666666666667 0.0 6.717719412535996 -1.5763167365381774 0.0 0.9999532347414092 0.0 0.00967100461132512
6.333333333333333 0.0 6.716711139463035 -1.5763167365381774 0.0 0.9999532347414092 0.0 0.00967100461132512
6.375 0.0 6.715064601784253 -1.5763167365381774 0.0 0.9999532347414092 0.0 0.00967100461132512
6.416666666666667 0.0 6.712807550134687 -1.5763167365381774 0.0 0.9999532347414092 0.0 0.00967100461132512
6.458333333333333 0.0 6.709967735149372 -1.5763167365381774 0.0 0.9999532347414092 0.0 0.00967100461132512
6.5 0.0 6.706572907463345 -1.5763167365381774 0.0 0.9999532347414092 0.0 0.00967100461132512
6.541666666666667 0.0 6.70265081771164 -1.5763167365381774 0.0 0.9999532347414092 0.0 0.00967100461132512
6.583333333333333 0.0 6.698229216529294 -1.5763167365381774 0.0 0.9999532347414092 0.0 0.00967100461132512
6.625 0.0 6.693335854551341 -1.5763167365381774 0.0 0.9999532347414092 0.0 0.00967100461132512
6.666666666666667 0.0 6.6879984824128185 -1.5763167365381774 0.0 0.9999532347414092 0.0 0.00967100461132512
6.708333333333333 0.0 6.682244850748761 -1.5763167365381774 0.0 0.9999532347414092 0.0 0.00967100461132512
6.75 0.0 6.676102710194204 -1.5763167365381774 0.0 0.9999532347414092 0.0 0.00967100461132512
6.791666666666667 0.0 6.669599811384185 -1.5763167365381774 0.0 0.9999532347414092 0.0 0.00967100461132512
6.833333333333333 0.0 6.662763904953737 -1.5763167365381774 0.0 0.9999532347414092 0.0 0.00967100461132512
6.875 0.0 6.655622741537897 -1.5763167365381774 0.0 0.9999532347414092 0.0 0.00967100461132512
6.916666666666667 0.0 6.6482040717717 -1.5763167365381774 0.0 0.9999532347414092 0.0 0.00967100461132512
6.958333333333333 0.0 6.640535646290183 -1.5763167365381774 0.0 0.9999532347414092 0.0 0.00967100461132512
7.0 0.0 6.632645215728381 -1.5763167365381774 0.0 0.9999532347414092 0.0 0.00967100461132512
7.041666666666667 0.0 6.624560530721329 -1.5763167365381774 0.0 0.9999532347414092 0.0 0.00967100461132512
7.083333333333333 0.0 6.6163093419040635 -1.5763167365381774 0.0 0.9999532347414092 0.0 0.00967100461132512
7.125 0.0 6.607919399911619 -1.5763167365381774 0.0 0.9999532347414092 0.0 0.00967100461132512
7.166666666666667 0.0 6.599418455379032 -1.5763167365381774 0.0 0.9999532347414092 0.0 0.00967100461132512
7.208333333333333 0.0 6.590834258941339 -1.5763167365381774 0.0 0.9999532347414092 0.0 0.00967100461132512
7.25 0.0 6.582194561233574 -1.5763167365381774 0.0 0.9999532347414092 0.0 0.00967100461132512
7.291666666666667 0.0 6.5735271128907735 -1.5763167365381774 0.0 0.9999532347414092 0.0 0.00967100461132512
7.333333333333333 0.0 6.564859664547973 -1.5763167365381774 0.0 0.9999532347414092 0.0 0.00967100461132512
7.375 0.0 6.556219966840208 -1.5763167365381774 0.0 0.9999532347414092 0.0 0.00967100461132512
7.416666666666667 0.0 6.547635770402515 -1.5763167365381774 0.0 0.9999532347414092 0.0 0.00967100461132512
7.458333333333333 0.0 6.539134825869928 -1.5763167365381774 0.0 0.9999532347414092 0.0 0.00967100461132512
7.5 0.0 6.530744883877484 -1.5763167365381774 0.0 0.9999532347414092 0.0 0.00967100461132512
7.541666666666667 0.0 6.522493695060218 -1.5763167365381774 0.0 0.9999532347414092 0.0 0.00967100461132512
7.583333333333333 0.0 6.514409010053167 -1.5763167365381774 0.0 0.9999532347414092 0.0 0.00967100461132512
7.625 0.0 6.506518579491364 -1.5763167365381774 0.0 0.9999532347414092 0.0 0.00967100461132512
7.666666666666667 0.0 6.498850154009847 -1.5763167365381774 0.0 0.9999532347414092 0.0 0.00967100461132512
7.708333333333333 0.0 6.491431484243651 -1.5763167365381774 0.0 0.9999532347414092 0.0 0.00967100461132512
7.75 0.0 6.48429032082781 -1.5763167365381774 0.0 0.9999532347414092 0.0 0.00967100461132512
7.791666666666667 0.0 6.4774544143973625 -1.5763167365381774 0.0 0.9999532347414092 0.0 0.00967100461132512
7.833333333333333 0.0 6.470951515587343 -1.5763167365381774 0.0 0.9999532347414092 0.0 0.00967100461132512
7.875 0.0 6.464809375032786 -1.5763167365381774 0.0 0.9999532347414092 0.0 0.00967100461132512
7.916666666666667 0.0 6.459055743368729 -1.5763167365381774 0.0 0.9999532347414092 0.0 0.00967100461132512
7.958333333333333 0.0 6.453718371230206 -1.5763167365381774 0.0 0.9999532347414092 0.0 0.00967100461132512
8.0 0.0 6.448825009252253 -1.5763167365381774 0.0 0.9999532347414092 0.0 0.00967100461132512
8.041666666666666 0.0 6.444403408069907 -1.5763167365381774 0.0 0.9999532347414092 0.0 0.00967100461132512
8.083333333333334 0.0 6.440481318318202 -1.5763167365381774 0.0 0.9999532347414092 0.0 0.00967100461132512
8.125 0.0 6.437086490632175 -1.5763167365381774 0.0 0.9999532347414092 0.0 0.00967100461132512
8.166666666666666 0.0 6.43424667564686 -1.5763167365381774 0.0 0.9999532347414092 0.0 0.00967100461132512
8.208333333333334 0.0 6.4319896239972945 -1.5763167365381774 0.0 0.9999532347414092 0.0 0.00967100461132512
8.25 0.0 6.430343086318512 -1.5763167365381774 0.0 0.9999532347414092 0.0 0.00967100461132512
8.291666666666666 0.0 6.429334813245551 -1.5763167365381774 0.0 0.9999532347414092 0.0 0.00967100461132512
8.333333333333334 0.0 6.428992555413444 -1.5763167365381774 0.0 0.9999532347414092 0.0 0.00967100461132512
3
0 -6.259143206454486e-16 4.930380657631324e-32 1.376544314493929 0.0 0.00967100461132513 0.0 0.9999532347414092
4.166666666666667 -6.259143206454486e-16 4.930380657631324e-32 1.376544314493929 0.0 0.00967100461132513 0.0 0.9999532347414092
8.333333333333334 -6.259143206454486e-16 4.930380657631324e-32 1.376544314493929 0.0 0.00967100461132513 0.0 0.9999532347414092
5
0 1.2518540965467948 0.091 -0.01934737602384387 0.03605632174738486 0.7020819950747564 -0.03563970475221429 0.710289113881857
2.0833333333333335 1.2518540965467948 0.091 -0.01934737602384387 -0.050356199917634126 0.7012216697422534 0.04977435330430299 0.7094187316154542
4.166666666666667 1.2518540965467948 0.091 -0.01934737602384387 0.036057661364224836 0.7020819278564411 -0.035641028890294496 0.7102890458777802
6.25 1.2518540965467948 0.091 -0.01934737602384387 0.12193426506650412 0.692577038057019 -0.12052536131097827 0.7006730468911417
8.333333333333334 1.2518540965467948 0.091 -0.01934737602384387 0.03605632174738486 0.7020819950747564 -0.03563970475221429 0.710289113881857
3
0 -0.060908161291079996 1.9721522630525295e-31 -3.148567209285229 -0.000727032951992721 0.9971236049851516 -0.07517305402351884 -0.009643637969094237
4.166666666666667 -0.060908161291079996 1.9721522630525295e-31 -3.148567209285229 -0.000727032951992721 0.9971236049851516 -0.07517305402351884 -0.009643637969094237
8.333333333333334 -0.060908161291079996 1.9721522630525295e-31 -3.148567209285229 -0.000727032951992721 0.9971236049851516 -0.07517305402351884 -0.009643637969094237
5
0 -1.2516615526329748 0.09099532031698576 0.029087221544498575 0.036738316211375535 -0.6882138717599892 0.03493521733904999 0.7237344080728451
2.0833333333333335 -1.2516615526329748 0.09099532031698576 0.029087221544498575 -0.051309932353380897 -0.6873704794822832 -0.048791665576178006 0.7228474860912847
4.166666666666667 -1.2516615526329748 0.09099532031698576 0.029087221544498575 0.03673968118625937 -0.6882138058703731 0.03493651532162369 0.7237343387824917
6.25 -1.2516615526329748 0.09099532031698576 0.029087221544498575 0.1242418750089459 -0.6788967255973091 0.11814414359862946 0.7139363793790452
8.333333333333334 -1.2516615526329748 0.09099532031698576 0.029087221544498575 0.036738316211375535 -0.6882138717599892 0.03493521733904999 0.7237344080728451
3
0 1.2796275927425285e-15 -3.176356758437832e-15 4.768346371232146 0.0 0.0013700135516343682 0.0 0.9999990615309938
4.166666666666667 1.2796275927425285e-15 -3.176356758437832e-15 4.768346371232146 0.0 0.0013700135516343682 0.0 0.9999990615309938
8.333333333333334 1.2796275927425285e-15 -3.176356758437832e-15 4.768346371232146 0.0 0.0013700135516343682 0.0 0.9999990615309938
5
0 -6.957251557407742e-16 3.712329230477698e-13 3.5077836938519376 -0.05061032220562671 -0.058577844878679765 0.0029735801674754567 0.9969946786200014
2.0833333333333335 -6.957251557407742e-16 3.712329230477698e-13 3.5077836938519376 -0.17485539351893215 -0.058490022545545785 -0.004373025527551614 0.9828455551447014
4.166666666666667 -6.957251557407742e-16 3.712329230477698e-13 3.5077836938519376 -0.05061032220562671 -0.058577844878679765 0.0029735801674754567 0.9969946786200014
5.958333333333333 -6.957251557407742e-16 3.712329230477698e-13 3.5077836938519376 -0.0015398194778630107 -0.05836085543089016 0.005849499381811462 0.9982772274605549
8.333333333333334 -6.957251557407742e-16 3.712329230477698e-13 3.5077836938519376 -0.05061032220562671 -0.058577844878679765 0.0029735801674754567 0.9969946786200014
3
0 -2.1656000224701846e-16 -3.7037275525562174e-16 2.332565369967303 -0.07517656967524074 0.0 0.0 0.9971702379091866
4.166666666666667 -2.1656000224701846e-16 -3.7037275525562174e-16 2.332565369967303 -0.07517656967524074 0.0 0.0 0.9971702379091866
8.333333333333334 -2.1656000224701846e-16 -3.7037275525562174e-16 2.332565369967303 -0.07517656967524074 0.0 0.0 0.9971702379091866
5
0 -1.2039866200331029e-16 -5.781002270414201e-14 3.5077837321305894 -0.050609593665936946 0.05857914467780999 -0.002973603460831206 0.9969946391632417
2.0833333333333335 -1.2039866200331029e-16 -5.781002270414201e-14 3.5077837321305894 -0.1748546657622069 0.05849131505917701 0.004373164915041733 0.9828456070779688
4.166666666666667 -1.2039866200331029e-16 -5.781002270414201e-14 3.5077837321305894 -0.050609593665936946 0.05857914467780999 -0.002973603460831206 0.9969946391632417
5.958333333333333 -1.2039866200331029e-16 -5.781002270414201e-14 3.5077837321305894 -0.0015390937585109056 0.058362152513610384 -0.005849586541298708 0.9982771522386338
8.333333333333334 -1.2039866200331029e-16 -5.781002270414201e-14 3.5077837321305894 -0.050609593665936946 0.05857914467780999 -0.002973603460831206 0.9969946391632417
3
0 1.0053950802513074e-13 8.881784197001251e-16 6.13518302232953 0.0 -0.004639425281943604 0.0 0.9999892378086144
4.166666666666667 1.0053950802513074e-13 8.881784197001251e-16 6.13518302232953 0.0 -0.004639425281943604 0.0 0.9999892378086144
8.333333333333334 1.0053950802513074e-13 8.881784197001251e-16 6.13518302232953 0.0 -0.004639425281943604 0.0 0.9999892378086144
3
0 -1.6591056152329828e-15 1.988707841802804e-15 5.4618726023289454 0.0 0.7575600421395109 0.0 0.652765488175947
4.166666666666667 -1.6591056152329828e-15 1.988707841802804e-15 5.4618726023289454 0.0 0.7575600421395109 0.0 0.652765488175947
8.333333333333334 -1.6591056152329828e-15 1.988707841802804e-15 5.4618726023289454 0.0 0.7575600421395109 0.0 0.652765488175947
3
0 2.436282578909461e-15 2.0181986873246135e-16 5.461912132440435 0.0 -0.7575600290255241 0.0 0.6527655033952448
4.166666666666667 2.436282578909461e-15 2.0181986873246135e-16 5.461912132440435 0.0 -0.7575600290255241 0.0 0.6527655033952448
8.333333333333334 2.436282578909461e-15 2.0181986873246135e-16 5.461912132440435 0.0 -0.7575600290255241 0.0 0.6527655033952448
3
0 -4.831555276626476e-14 2.5167175940467054e-15 5.9900522016297515 0.0 0.009499759577782683 0.0 0.9999548762659064
4.166666666666667 -4.831555276626476e-14 2.5167175940467054e-15 5.9900522016297515 0.0 0.009499759577782683 0.0 0.9999548762659064
8.333333333333334 -4.831555276626476e-14 2.5167175940467054e-15 5.9900522016297515 0.0 0.009499759577782683 0.0 0.9999548762659064
