0.0 0.9999532347414092 0.0 0.00967100461132512
0.0 0.00967100461132513 0.0 0.9999532347414092
0.03605632174738486 0.7020819950747564 -0.03563970475221429 0.710289113881857
-0.000727032951992721 0.9971236049851516 -0.07517305402351884 -0.009643637969094237
0.036738316211375535 -0.6882138717599892 0.03493521733904999 0.7237344080728451
0.0 0.0013700135516343682 0.0 0.9999990615309938
-0.05061032220562671 -0.058577844878679765 0.0029735801674754567 0.9969946786200014
-0.07517656967524074 0.0 0.0 0.9971702379091866
-0.050609593665936946 0.05857914467780999 -0.002973603460831206 0.9969946391632417
0.0 -0.004639425281943604 0.0 0.9999892378086144
0.0 0.7575600421395109 0.0 0.652765488175947
0.0 -0.7575600290255241 0.0 0.6527655033952448
0.0 0.009499759577782683 0.0 0.9999548762659064
