0.0 0.0 0.0
3.404342951383011 0.10559384983177583 0.0
3.3088228206201826 6.869504964868156e-15 0.0
2.3874727191173073 1.885297473691594e-14 0.0
2.264020449793575 8.118505867571457e-15 9.953205952593235e-31
3.2514192658030203 -0.061280373215442344 -2.649280564644725e-19
1.2438279516984758 0.10227312030045606 2.5731688692488403e-18
1.6657869783969057 -1.1371728638492312e-15 -2.0325235214207973e-16
-1.6506467283720534 -0.22410133924725908 1.7630811072258998e-16
-0.11646817175429813 1.5510629092305075 1.8791298864241437e-16
1.7769933680683083 -1.5543122344752192e-15 -2.652196116265817e-16
-1.7769731107474565 -6.066721670094921e-05 -9.04126333478777e-13
1.5873798657921683 5.551115123125783e-16 -1.9559359290171618e-16
0.23130289933816128 0.006704431864875345 -4.270846569110505
1.346254751049038 -9.992007221626409e-16 -2.1136278210910151e-16
-1.3462720124459508 3.169749867026894e-05 2.4868757926915064e-09
3.1005127220216124 3.941291737419306e-15 8.881784197001252e-16
2.039136835545767 -0.19649120257971636 -2.398254293627775
-0.39185493487276923 1.9749880794886212 -0.04534585305926273
1.8493070235464715 -1.4046289979596493e-19 1.6514642921752647
-0.4907146887531796 1.7720112772934113 8.474631734794028e-17
0.08082063370434872 -2.031090504962483 -1.1050494897526004e-16
1.8023846518721345 -3.343111357615399e-16 -0.16818284879224787
1.7186787454892944 2.008828623596406e-15 0.4227342654537991
1.5112371631933121 1.1693160847894695e-15 0.33636569758449575
1.6153505030728186 -0.08065832373169095 0.6100768917122561
1.7099875204017854 1.6346331939185406e-15 -0.8310211352087535
