0.0 0.0 0.6914203959754754 0.7224526531400634
0.0 0.0 0.009994219284698014 0.9999500565432701
0.0 0.0 0.003330653370167381 0.9999944533586813
0.9998431865976467 0.017708817415723287 1.0843523282425212e-18 6.122273790580489e-17
0.0 0.0 0.009089782359256456 0.9999586870749518
0.0 0.0 -0.04167949705371857 0.9991310322101646
0.6518141119176082 0.7583787731108116 4.6437306851572607e-17 3.991210328994868e-17
0.0 0.0 -0.14660183364084672 0.9891955834783844
0.9770622655559574 0.2129538194695269 1.5866296084201374e-09 7.279681217565461e-09
0.6722004969454956 0.7403691592079109 4.533453605056927e-17 4.1160409348478065e-17
0.0 0.0 -0.062111338710487615 0.9980692268593353
1.2822492953547997e-08 -7.979628882625596e-10 -0.06211133871048718 0.9980692268593351
0.340612254305597 0.42289496896944206 -0.6384457541452979 0.5454632494046102
0.0 0.0 0.0 1.0
0.0 0.0 0.24063106192497022 0.9706166555529846
1.1036721471362032e-08 2.736176009993251e-09 0.24063106192496966 0.9706166555529846
-0.10602487888113105 0.8330077205497173 0.03209139996086285 0.5420581192191092
0.15574605189595433 -0.5201923008673125 -0.08815511890561457 0.8350879070181361
0.469067128865422 0.6965049648460114 0.3812764105615758 0.38663310943591805
0.0 0.0 -0.17662272678861773 0.9842786253809199
0.8546557678317177 0.5191950678810201 3.1791528900679197e-17 5.2332572522396824e-17
0.0 0.0 -0.3031571902988979 0.9529405637132244
0.3050218085680121 0.9523453660820212 -5.831433521275808e-17 -1.8677199076647636e-17
0.0 0.0 -0.2040792719604922 0.978954366023297
0.0 0.0 -0.2847581447805027 0.9585993944193614
0.7307120439072164 0.6826858053958191 -4.180244932006613e-17 -4.4743208283469654e-17
0.0 0.0 0.561963886043463 0.8271617682067576
